-0.2877978284160809, -0.9219859214658954, -0.16080628028151553, 0.2817882044282936, 0.8068920589043169
0.0, -0.2877978284160809, -0.9219859214658954, -0.16080628028151553, 0.2817882044282936
0.9905922880363636, 0.0, -0.2877978284160809, -0.9219859214658954, -0.16080628028151553
0.3095985815992466, 0.9905922880363636, 0.0, -0.2877978284160809, -0.9219859214658954
0.12137776927876957, 0.3095985815992466, 0.9905922880363636, 0.0, -0.2877978284160809
-0.9902663118359664, 0.12137776927876957, 0.3095985815992466, 0.9905922880363636, 0.0
-0.35568747506277965, -0.9902663118359664, 0.12137776927876957, 0.3095985815992466, 0.9905922880363636
-0.2036770939973432, -0.35568747506277965, -0.9902663118359664, 0.12137776927876957, 0.3095985815992466
0.9121280832248202, -0.2036770939973432, -0.35568747506277965, -0.9902663118359664, 0.12137776927876957
0.4313135606891697, 0.9121280832248202, -0.2036770939973432, -0.35568747506277965, -0.9902663118359664
0.2521837823808363, 0.4313135606891697, 0.9121280832248202, -0.2036770939973432, -0.35568747506277965
-0.7650899493327032, 0.2521837823808363, 0.4313135606891697, 0.9121280832248202, -0.2036770939973432
-0.5365894462984891, -0.7650899493327032, 0.2521837823808363, 0.4313135606891697, 0.9121280832248202
-0.274875409552886, -0.5365894462984891, -0.7650899493327032, 0.2521837823808363, 0.4313135606891697
0.5730065661794387, -0.274875409552886, -0.5365894462984891, -0.7650899493327032, 0.2521837823808363
0.6643772876881997, 0.5730065661794387, -0.274875409552886, -0.5365894462984891, -0.7650899493327032
0.2812428532483748, 0.6643772876881997, 0.5730065661794387, -0.274875409552886, -0.5365894462984891
-0.36620278818397684, 0.2812428532483748, 0.6643772876881997, 0.5730065661794387, -0.274875409552886
-0.7987837011841729, -0.36620278818397684, 0.2812428532483748, 0.6643772876881997, 0.5730065661794387
-0.2817083243540548, -0.7987837011841729, -0.36620278818397684, 0.2812428532483748, 0.6643772876881997
0.1720469777130563, -0.2817083243540548, -0.7987837011841729, -0.36620278818397684, 0.2812428532483748
0.9158739916483061, 0.1720469777130563, -0.2817083243540548, -0.7987837011841729, -0.36620278818397684
0.2870596848150324, 0.9158739916483061, 0.1720469777130563, -0.2817083243540548, -0.7987837011841729
-0.008929651870230875, 0.2870596848150324, 0.9158739916483061, 0.1720469777130563, -0.2817083243540548
-0.9881433073202294, -0.008929651870230875, 0.2870596848150324, 0.9158739916483061, 0.1720469777130563
-0.30759938129643477, -0.9881433073202294, -0.008929651870230875, 0.2870596848150324, 0.9158739916483061
-0.11496944729804062, -0.30759938129643477, -0.9881433073202294, -0.008929651870230875, 0.2870596848150324
0.9925620937072909, -0.11496944729804062, -0.30759938129643477, -0.9881433073202294, -0.008929651870230875
0.3519737603106303, 0.9925620937072909, -0.11496944729804062, -0.30759938129643477, -0.9881433073202294
0.1995943624402347, 0.3519737603106303, 0.9925620937072909, -0.11496944729804062, -0.30759938129643477
-0.9192125773844261, 0.1995943624402347, 0.3519737603106303, 0.9925620937072909, -0.11496944729804062
-0.42568615925065334, -0.9192125773844261, 0.1995943624402347, 0.3519737603106303, 0.9925620937072909
-0.24999986630233503, -0.42568615925065334, -0.9192125773844261, 0.1995943624402347, 0.3519737603106303
0.7759027565960331, -0.24999986630233503, -0.42568615925065334, -0.9192125773844261, 0.1995943624402347
0.5292322570932195, 0.7759027565960331, -0.24999986630233503, -0.42568615925065334, -0.9192125773844261
0.27403937856019706, 0.5292322570932195, 0.7759027565960331, -0.24999986630233503, -0.42568615925065334
-0.5857630457628163, 0.27403937856019706, 0.5292322570932195, 0.7759027565960331, -0.24999986630233503
-0.655984728897081, -0.5857630457628163, 0.27403937856019706, 0.5292322570932195, 0.7759027565960331
-0.2811291545827758, -0.655984728897081, -0.5857630457628163, 0.27403937856019706, 0.5292322570932195
0.3790065258983384, -0.2811291545827758, -0.655984728897081, -0.5857630457628163, 0.27403937856019706
0.7906090088255266, 0.3790065258983384, -0.2811291545827758, -0.655984728897081, -0.5857630457628163
0.2816476814886702, 0.7906090088255266, 0.3790065258983384, -0.2811291545827758, -0.655984728897081
-0.18341243230626264, 0.2816476814886702, 0.7906090088255266, 0.3790065258983384, -0.2811291545827758
-0.909585493868548, -0.18341243230626264, 0.2816476814886702, 0.7906090088255266, 0.3790065258983384
-0.2863814204578532, -0.909585493868548, -0.18341243230626264, 0.2816476814886702, 0.7906090088255266
0.018015233283107435, -0.2863814204578532, -0.909585493868548, -0.18341243230626264, 0.2816476814886702
0.9854247334537736, 0.018015233283107435, -0.2863814204578532, -0.909585493868548, -0.18341243230626264
0.3056943271610352, 0.9854247334537736, 0.018015233283107435, -0.2863814204578532, -0.909585493868548
0.10840602753057817, 0.3056943271610352, 0.9854247334537736, 0.018015233283107435, -0.2863814204578532
-0.9945478763911352, 0.10840602753057817, 0.3056943271610352, 0.9854247334537736, 0.018015233283107435
-0.3483763046727552, -0.9945478763911352, 0.10840602753057817, 0.3056943271610352, 0.9854247334537736
-0.1953770489302679, -0.3483763046727552, -0.9945478763911352, 0.10840602753057817, 0.3056943271610352
0.9260184226132584, -0.1953770489302679, -0.3483763046727552, -0.9945478763911352, 0.10840602753057817
0.42017767208318185, 0.9260184226132584, -0.1953770489302679, -0.3483763046727552, -0.9945478763911352
0.24771243532499881, 0.42017767208318185, 0.9260184226132584, -0.1953770489302679, -0.3483763046727552
-0.7865302057721661, 0.24771243532499881, 0.42017767208318185, 0.9260184226132584, -0.1953770489302679
-0.5219686704464891, -0.7865302057721661, 0.24771243532499881, 0.42017767208318185, 0.9260184226132584
-0.2731367969102987, -0.5219686704464891, -0.7865302057721661, 0.24771243532499881, 0.42017767208318185
0.5984555406860478, -0.2731367969102987, -0.5219686704464891, -0.7865302057721661, 0.24771243532499881
0.6476257587047624, 0.5984555406860478, -0.2731367969102987, -0.5219686704464891, -0.7865302057721661
0.28098962949628986, 0.6476257587047624, 0.5984555406860478, -0.2731367969102987, -0.5219686704464891
-0.39185695252636116, 0.28098962949628986, 0.6476257587047624, 0.5984555406860478, -0.2731367969102987
-0.7823746348594112, -0.39185695252636116, 0.28098962949628986, 0.6476257587047624, 0.5984555406860478
-0.28160363428253116, -0.7823746348594112, -0.39185695252636116, 0.28098962949628986, 0.6476257587047624
0.1948993768631664, -0.28160363428253116, -0.7823746348594112, -0.39185695252636116, 0.28098962949628986
0.9031272035985084, 0.1948993768631664, -0.28160363428253116, -0.7823746348594112, -0.39185695252636116
0.28576062826173954, 0.9031272035985084, 0.1948993768631664, -0.28160363428253116, -0.7823746348594112
-0.027255862617215333, 0.28576062826173954, 0.9031272035985084, 0.1948993768631664, -0.28160363428253116
-0.9824411658851621, -0.027255862617215333, 0.28576062826173954, 0.9031272035985084, 0.1948993768631664
-0.3038815664008663, -0.9824411658851621, -0.027255862617215333, 0.28576062826173954, 0.9031272035985084
-0.10168676148988011, -0.3038815664008663, -0.9824411658851621, -0.027255862617215333, 0.28576062826173954
0.9962241470423734, -0.10168676148988011, -0.3038815664008663, -0.9824411658851621, -0.027255862617215333
0.3448942116467261, 0.9962241470423734, -0.10168676148988011, -0.3038815664008663, -0.9824411658851621
0.19102349143875236, 0.3448942116467261, 0.9962241470423734, -0.10168676148988011, -0.3038815664008663
-0.9325415915528615, 0.19102349143875236, 0.3448942116467261, 0.9962241470423734, -0.10168676148988011
-0.4147886633753037, -0.9325415915528615, 0.19102349143875236, 0.3448942116467261, 0.9962241470423734
-0.2453193445608899, -0.4147886633753037, -0.9325415915528615, 0.19102349143875236, 0.3448942116467261
0.7969652194062082, -0.2453193445608899, -0.4147886633753037, -0.9325415915528615, 0.19102349143875236
0.5148012406902004, 0.7969652194062082, -0.2453193445608899, -0.4147886633753037, -0.9325415915528615
0.2721652260890642, 0.5148012406902004, 0.7969652194062082, -0.2453193445608899, -0.4147886633753037
-0.611076414248987, 0.2721652260890642, 0.5148012406902004, 0.7969652194062082, -0.2453193445608899
-0.6393051825026235, -0.611076414248987, 0.2721652260890642, 0.5148012406902004, 0.7969652194062082
-0.28082165616029253, -0.6393051825026235, -0.611076414248987, 0.2721652260890642, 0.5148012406902004
0.40474804118153246, -0.28082165616029253, -0.6393051825026235, -0.611076414248987, 0.2721652260890642
0.7740871609530001, 0.40474804118153246, -0.28082165616029253, -0.6393051825026235, -0.611076414248987
0.28157353556033954, 0.7740871609530001, 0.40474804118153246, -0.28082165616029253, -0.6393051825026235
-0.2065043783580782, 0.28157353556033954, 0.7740871609530001, 0.40474804118153246, -0.28082165616029253
-0.896505952847297, -0.2065043783580782, 0.28157353556033954, 0.7740871609530001, 0.40474804118153246
-0.2851948778357329, -0.896505952847297, -0.2065043783580782, 0.28157353556033954, 0.7740871609530001
0.036650529152306, -0.2851948778357329, -0.896505952847297, -0.2065043783580782, 0.28157353556033954
0.9791974072772556, 0.036650529152306, -0.2851948778357329, -0.896505952847297, -0.2065043783580782
0.3021592007996825, 0.9791974072772556, 0.036650529152306, -0.2851948778357329, -0.896505952847297
0.09481097920528389, 0.3021592007996825, 0.9791974072772556, 0.036650529152306, -0.2851948778357329
-0.9975916818117049, 0.09481097920528389, 0.3021592007996825, 0.9791974072772556, 0.036650529152306
-0.341526511194112, -0.9975916818117049, 0.09481097920528389, 0.3021592007996825, 0.9791974072772556
-0.1865320692327512, -0.341526511194112, -0.9975916818117049, 0.09481097920528389, 0.3021592007996825
0.9387783134440724, -0.1865320692327512, -0.341526511194112, -0.9975916818117049, 0.09481097920528389
0.40951958979081093, 0.9387783134440724, -0.1865320692327512, -0.341526511194112, -0.9975916818117049
0.2428184720195424, 0.40951958979081093, 0.9387783134440724, -0.1865320692327512, -0.341526511194112
-0.8072008415506459, 0.2428184720195424, 0.40951958979081093, 0.9387783134440724, -0.1865320692327512
-0.5077323851254534, -0.8072008415506459, 0.2428184720195424, 0.40951958979081093, 0.9387783134440724
-0.27112224270398794, -0.5077323851254534, -0.8072008415506459, 0.2428184720195424, 0.40951958979081093
0.6236179916601674, -0.27112224270398794, -0.5077323851254534, -0.8072008415506459, 0.2428184720195424
0.6310276688510961, 0.6236179916601674, -0.27112224270398794, -0.5077323851254534, -0.8072008415506459
0.2806226204309382, 0.6310276688510961, 0.6236179916601674, -0.27112224270398794, -0.5077323851254534
-0.4176736215986301, 0.2806226204309382, 0.6310276688510961, 0.6236179916601674, -0.27112224270398794
-0.7657530913589771, -0.4176736215986301, 0.2806226204309382, 0.6310276688510961, 0.6236179916601674
-0.28155473347446974, -0.7657530913589771, -0.4176736215986301, 0.2806226204309382, 0.6310276688510961
0.21822383704927995, -0.28155473347446974, -0.7657530913589771, -0.4176736215986301, 0.2806226204309382
0.8897286208887519, 0.21822383704927995, -0.28155473347446974, -0.7657530913589771, -0.4176736215986301
0.2846817167110405, 0.8897286208887519, 0.21822383704927995, -0.28155473347446974, -0.7657530913589771
-0.046198089968939655, 0.2846817167110405, 0.8897286208887519, 0.21822383704927995, -0.28155473347446974
-0.975698455266435, -0.046198089968939655, 0.2846817167110405, 0.8897286208887519, 0.21822383704927995
-0.3005252882525489, -0.975698455266435, -0.046198089968939655, 0.2846817167110405, 0.8897286208887519
-0.08777809215955336, -0.3005252882525489, -0.975698455266435, -0.046198089968939655, 0.2846817167110405
0.9986515436592401, -0.08777809215955336, -0.3005252882525489, -0.975698455266435, -0.046198089968939655
0.3382721617037683, 0.9986515436592401, -0.08777809215955336, -0.3005252882525489, -0.975698455266435
0.18190120461312553, 0.3382721617037683, 0.9986515436592401, -0.08777809215955336, -0.3005252882525489
-0.9447250797327856, 0.18190120461312553, 0.3382721617037683, 0.9986515436592401, -0.08777809215955336
-0.40437080264563163, -0.9447250797327856, 0.18190120461312553, 0.3382721617037683, 0.9986515436592401
-0.24020771932953416, -0.40437080264563163, -0.9447250797327856, 0.18190120461312553, 0.3382721617037683
0.8172302478923507, -0.24020771932953416, -0.40437080264563163, -0.9447250797327856, 0.18190120461312553
0.5007643853223511, 0.8172302478923507, -0.24020771932953416, -0.40437080264563163, -0.9447250797327856
0.27000543887126643, 0.5007643853223511, 0.8172302478923507, -0.24020771932953416, -0.40437080264563163
-0.6360725690433565, 0.27000543887126643, 0.5007643853223511, 0.8172302478923507, -0.24020771932953416
-0.6227977479893537, -0.6360725690433565, 0.27000543887126643, 0.5007643853223511, 0.8172302478923507
-0.2803899164359673, -0.6227977479893537, -0.6360725690433565, 0.27000543887126643, 0.5007643853223511
0.43062738428905883, -0.2803899164359673, -0.6227977479893537, -0.6360725690433565, 0.27000543887126643
0.7573788471374506, 0.43062738428905883, -0.2803899164359673, -0.6227977479893537, -0.6360725690433565
0.2815445724383982, 0.7573788471374506, 0.43062738428905883, -0.2803899164359673, -0.6227977479893537
-0.23005398582221587, 0.2815445724383982, 0.7573788471374506, 0.43062738428905883, -0.2803899164359673
-0.8828021250931685, -0.23005398582221587, 0.2815445724383982, 0.7573788471374506, 0.43062738428905883
-0.2842186715549735, -0.8828021250931685, -0.23005398582221587, 0.2815445724383982, 0.7573788471374506
0.05589726690611067, -0.2842186715549735, -0.8828021250931685, -0.23005398582221587, 0.2815445724383982
0.9719494939971672, 0.05589726690611067, -0.2842186715549735, -0.8828021250931685, -0.23005398582221587
0.29897784427816737, 0.9719494939971672, 0.05589726690611067, -0.2842186715549735, -0.8828021250931685
0.080587596282477, 0.29897784427816737, 0.9719494939971672, 0.05589726690611067, -0.2842186715549735
-0.9994050796869367, 0.080587596282477, 0.29897784427816737, 0.9719494939971672, 0.05589726690611067
-0.3351300519282052, -0.9994050796869367, 0.080587596282477, 0.29897784427816737, 0.9719494939971672
-0.17712936473173183, -0.3351300519282052, -0.9994050796869367, 0.080587596282477, 0.29897784427816737
0.9503786492375321, -0.17712936473173183, -0.3351300519282052, -0.9994050796869367, 0.080587596282477
0.39934255009261255, 0.9503786492375321, -0.17712936473173183, -0.3351300519282052, -0.9994050796869367
0.23748501250485865, 0.39934255009261255, 0.9503786492375321, -0.17712936473173183, -0.3351300519282052
-0.827046755760516, 0.23748501250485865, 0.39934255009261255, 0.9503786492375321, -0.17712936473173183
-0.49389938852573034, -0.827046755760516, 0.23748501250485865, 0.39934255009261255, 0.9503786492375321
-0.26881242260433197, -0.49389938852573034, -0.827046755760516, 0.23748501250485865, 0.39934255009261255
0.6484324226603665, -0.26881242260433197, -0.49389938852573034, -0.827046755760516, 0.23748501250485865
0.6146198105773657, 0.6484324226603665, -0.26881242260433197, -0.49389938852573034, -0.827046755760516
0.2801209471407959, 0.6146198105773657, 0.6484324226603665, -0.26881242260433197, -0.49389938852573034
-0.443602885035584, 0.2801209471407959, 0.6146198105773657, 0.6484324226603665, -0.26881242260433197
-0.7489707606534248, -0.443602885035584, 0.2801209471407959, 0.6146198105773657, 0.6484324226603665
-0.28154039403994136, -0.7489707606534248, -0.443602885035584, 0.2801209471407959, 0.6146198105773657
0.24199088977427724, -0.28154039403994136, -0.7489707606534248, -0.443602885035584, 0.2801209471407959
0.8757334118800705, 0.24199088977427724, -0.28154039403994136, -0.7489707606534248, -0.443602885035584
0.283803249368921, 0.8757334118800705, 0.24199088977427724, -0.28154039403994136, -0.7489707606534248
-0.06574664358701714, 0.283803249368921, 0.8757334118800705, 0.24199088977427724, -0.28154039403994136
-0.9679558854537287, -0.06574664358701714, 0.283803249368921, 0.8757334118800705, 0.24199088977427724
-0.29751484350864876, -0.9679558854537287, -0.06574664358701714, 0.283803249368921, 0.8757334118800705
-0.07323907499613741, -0.29751484350864876, -0.9679558854537287, -0.06574664358701714, 0.283803249368921
0.9998539179986219, -0.07323907499613741, -0.29751484350864876, -0.9679558854537287, -0.06574664358701714
0.3320990028922494, 0.9998539179986219, -0.07323907499613741, -0.29751484350864876, -0.9679558854537287
0.17221506348835103, 0.3320990028922494, 0.9998539179986219, -0.07323907499613741, -0.29751484350864876
-0.9557360528662335, 0.17221506348835103, 0.3320990028922494, 0.9998539179986219, -0.07323907499613741
-0.39443497930988225, -0.9557360528662335, 0.17221506348835103, 0.3320990028922494, 0.9998539179986219
-0.23464830275900797, -0.39443497930988225, -0.9557360528662335, 0.17221506348835103, 0.3320990028922494
0.8366438339921819, -0.23464830275900797, -0.39443497930988225, -0.9557360528662335, 0.17221506348835103
0.48713940915901316, 0.8366438339921819, -0.23464830275900797, -0.39443497930988225, -0.9557360528662335
0.26754081820631176, 0.48713940915901316, 0.8366438339921819, -0.23464830275900797, -0.39443497930988225
-0.6606898183342897, 0.26754081820631176, 0.48713940915901316, 0.8366438339921819, -0.23464830275900797
-0.6064981066635488, -0.6606898183342897, 0.26754081820631176, 0.48713940915901316, 0.8366438339921819
-0.27981312489484444, -0.6064981066635488, -0.6606898183342897, 0.26754081820631176, 0.48713940915901316
0.45659354972637384, -0.27981312489484444, -0.6064981066635488, -0.6606898183342897, 0.26754081820631176
0.7405350703522309, 0.45659354972637384, -0.27981312489484444, -0.6064981066635488, -0.6606898183342897
0.28153953793365066, 0.7405350703522309, 0.45659354972637384, -0.27981312489484444, -0.6064981066635488
-0.254030446051618, 0.28153953793365066, 0.7405350703522309, 0.45659354972637384, -0.27981312489484444
-0.8685294478079364, -0.254030446051618, 0.28153953793365066, 0.7405350703522309, 0.45659354972637384
-0.28343293867002955, -0.8685294478079364, -0.254030446051618, 0.28153953793365066, 0.7405350703522309
0.07574466252279206, -0.28343293867002955, -0.8685294478079364, -0.254030446051618, 0.28153953793365066
0.9637231606108011, 0.07574466252279206, -0.28343293867002955, -0.8685294478079364, -0.254030446051618
0.2961342211577024, 0.9637231606108011, 0.07574466252279206, -0.28343293867002955, -0.8685294478079364
0.06573220230697041, 0.2961342211577024, 0.9637231606108011, 0.07574466252279206, -0.28343293867002955
-0.9999999640975591, 0.06573220230697041, 0.2961342211577024, 0.9637231606108011, 0.07574466252279206
-0.3291777697739611, -0.9999999640975591, 0.06573220230697041, 0.2961342211577024, 0.9637231606108011
-0.1671568635080174, -0.3291777697739611, -0.9999999640975591, 0.06573220230697041, 0.2961342211577024
0.9607945978707272, -0.1671568635080174, -0.3291777697739611, -0.9999999640975591, 0.06573220230697041
0.38964813868935566, 0.9607945978707272, -0.1671568635080174, -0.3291777697739611, -0.9999999640975591
0.23169556736966845, 0.38964813868935566, 0.9607945978707272, -0.1671568635080174, -0.3291777697739611
-0.8460151126315814, 0.23169556736966845, 0.38964813868935566, 0.9607945978707272, -0.1671568635080174
-0.4804863304186793, -0.8460151126315814, 0.23169556736966845, 0.38964813868935566, 0.9607945978707272
-0.2661882666684818, -0.4804863304186793, -0.8460151126315814, 0.23169556736966845, 0.38964813868935566
0.6728370210557669, -0.2661882666684818, -0.4804863304186793, -0.8460151126315814, 0.23169556736966845
0.5984367448706026, 0.6728370210557669, -0.2661882666684818, -0.4804863304186793, -0.8460151126315814
0.27946387195818173, 0.5984367448706026, 0.6728370210557669, -0.2661882666684818, -0.4804863304186793
-0.4695926795269338, 0.27946387195818173, 0.5984367448706026, 0.6728370210557669, -0.2661882666684818
-0.7320779158143861, -0.4695926795269338, 0.27946387195818173, 0.5984367448706026, 0.6728370210557669
-0.281539342712541, -0.7320779158143861, -0.4695926795269338, 0.27946387195818173, 0.5984367448706026
0.2661683839474085, -0.281539342712541, -0.7320779158143861, -0.4695926795269338, 0.27946387195818173
0.8611972108162599, 0.2661683839474085, -0.281539342712541, -0.7320779158143861, -0.4695926795269338
0.28310521065666777, 0.8611972108162599, 0.2661683839474085, -0.281539342712541, -0.7320779158143861
-0.08588962230499175, 0.28310521065666777, 0.8611972108162599, 0.2661683839474085, -0.281539342712541
-0.959257010424572, -0.08588962230499175, 0.28310521065666777, 0.8611972108162599, 0.2661683839474085
-0.2948338744673112, -0.959257010424572, -0.08588962230499175, 0.28310521065666777, 0.8611972108162599
-0.05806674593989765, -0.2948338744673112, -0.959257010424572, -0.08588962230499175, 0.28310521065666777
0.99984539683271, -0.05806674593989765, -0.2948338744673112, -0.959257010424572, -0.08588962230499175
0.32636504375747466, 0.99984539683271, -0.05806674593989765, -0.2948338744673112, -0.959257010424572
0.16195337819897335, 0.32636504375747466, 0.99984539683271, -0.05806674593989765, -0.2948338744673112
-0.9655518716289934, 0.16195337819897335, 0.32636504375747466, 0.99984539683271, -0.05806674593989765
-0.3849819800217647, -0.9655518716289934, 0.16195337819897335, 0.32636504375747466, 0.99984539683271
-0.22862481059649564, -0.3849819800217647, -0.9655518716289934, 0.16195337819897335, 0.32636504375747466
0.8551543924401988, -0.22862481059649564, -0.3849819800217647, -0.9655518716289934, 0.16195337819897335
0.4739419059516302, 0.8551543924401988, -0.22862481059649564, -0.3849819800217647, -0.9655518716289934
0.2647524260772765, 0.4739419059516302, 0.8551543924401988, -0.22862481059649564, -0.3849819800217647
-0.6848663047547906, 0.2647524260772765, 0.4739419059516302, 0.8551543924401988, -0.22862481059649564
-0.5904396917923396, -0.6848663047547906, 0.2647524260772765, 0.4739419059516302, 0.8551543924401988
-0.27907062101004126, -0.5904396917923396, -0.6848663047547906, 0.2647524260772765, 0.4739419059516302
0.4825934563883298, -0.27907062101004126, -0.5904396917923396, -0.6848663047547906, 0.2647524260772765
0.7236053330906553, 0.4825934563883298, -0.27907062101004126, -0.5904396917923396, -0.6848663047547906
0.28153714675819086, 0.7236053330906553, 0.4825934563883298, -0.27907062101004126, -0.5904396917923396
-0.27840026527110573, 0.28153714675819086, 0.7236053330906553, 0.4825934563883298, -0.27907062101004126
-0.8537436816342471, -0.27840026527110573, 0.28153714675819086, 0.7236053330906553, 0.4825934563883298
-0.282817520357735, -0.8537436816342471, -0.27840026527110573, 0.28153714675819086, 0.7236053330906553
0.09617967489731746, -0.282817520357735, -0.8537436816342471, -0.27840026527110573, 0.28153714675819086
0.954563276686359, 0.09617967489731746, -0.282817520357735, -0.8537436816342471, -0.27840026527110573
0.2936116641341315, 0.954563276686359, 0.09617967489731746, -0.282817520357735, -0.8537436816342471
0.05024257050847189, 0.2936116641341315, 0.954563276686359, 0.09617967489731746, -0.282817520357735
-0.9993926639059783, 0.05024257050847189, 0.2936116641341315, 0.954563276686359, 0.09617967489731746
-0.32365945385773076, -0.9993926639059783, 0.05024257050847189, 0.2936116641341315, 0.954563276686359
-0.1566032738910388, -0.32365945385773076, -0.9993926639059783, 0.05024257050847189, 0.2936116641341315
0.9700057449460964, -0.1566032738910388, -0.32365945385773076, -0.9993926639059783, 0.05024257050847189
0.3804363606752671, 0.9700057449460964, -0.1566032738910388, -0.32365945385773076, -0.9993926639059783
0.22543406465516994, 0.3804363606752671, 0.9700057449460964, -0.1566032738910388, -0.32365945385773076
-0.864055654194598, 0.22543406465516994, 0.3804363606752671, 0.9700057449460964, -0.1566032738910388
-0.4675077616087586, -0.864055654194598, 0.22543406465516994, 0.3804363606752671, 0.9700057449460964
-0.26323097203256246, -0.4675077616087586, -0.864055654194598, 0.22543406465516994, 0.3804363606752671
0.6967699622191126, -0.26323097203256246, -0.4675077616087586, -0.864055654194598, 0.22543406465516994
0.5825107715936696, 0.6967699622191126, -0.26323097203256246, -0.4675077616087586, -0.864055654194598
0.2786308156395044, 0.5825107715936696, 0.6967699622191126, -0.26323097203256246, -0.4675077616087586
-0.49558894888801586, 0.2786308156395044, 0.5825107715936696, 0.6967699622191126, -0.26323097203256246
-0.7151232503173072, -0.49558894888801586, 0.2786308156395044, 0.5825107715936696, 0.6967699622191126
-0.2815302890694347, -0.7151232503173072, -0.49558894888801586, 0.2786308156395044, 0.5825107715936696
0.2907214849975349, -0.2815302890694347, -0.7151232503173072, -0.49558894888801586, 0.2786308156395044
0.8461758353699259, 0.2907214849975349, -0.2815302890694347, -0.7151232503173072, -0.49558894888801586
0.28256730776533967, 0.8461758353699259, 0.2907214849975349, -0.2815302890694347, -0.7151232503173072
-0.10661282303717107, 0.28256730776533967, 0.8461758353699259, 0.2907214849975349, -0.2815302890694347
-0.9496479427603731, -0.10661282303717107, 0.28256730776533967, 0.8461758353699259, 0.2907214849975349
-0.29246541571569884, -0.9496479427603731, -0.10661282303717107, 0.28256730776533967, 0.8461758353699259
-0.0422596407155783, -0.29246541571569884, -0.9496479427603731, -0.10661282303717107, 0.28256730776533967
0.9986444769538187, -0.0422596407155783, -0.29246541571569884, -0.9496479427603731, -0.10661282303717107
0.3210595687168774, 0.9986444769538187, -0.0422596407155783, -0.29246541571569884, -0.9496479427603731
0.1511052720545618, 0.3210595687168774, 0.9986444769538187, -0.0422596407155783, -0.29246541571569884
-0.9741543748664259, 0.1511052720545618, 0.3210595687168774, 0.9986444769538187, -0.0422596407155783
-0.3760110457642364, -0.9741543748664259, 0.1511052720545618, 0.3210595687168774, 0.9986444769538187
-0.22212139074993165, -0.3760110457642364, -0.9741543748664259, 0.1511052720545618, 0.3210595687168774
0.8727130677492139, -0.22212139074993165, -0.3760110457642364, -0.9741543748664259, 0.1511052720545618
0.46118539726718777, 0.8727130677492139, -0.22212139074993165, -0.3760110457642364, -0.9741543748664259
0.2616215980792546, 0.46118539726718777, 0.8727130677492139, -0.22212139074993165, -0.3760110457642364
-0.7085403151401696, 0.2616215980792546, 0.46118539726718777, 0.8727130677492139, -0.22212139074993165
-0.5746536658058667, -0.7085403151401696, 0.2616215980792546, 0.46118539726718777, 0.8727130677492139
-0.27814191081946954, -0.5746536658058667, -0.7085403151401696, 0.2616215980792546, 0.46118539726718777
0.5085721183998019, -0.27814191081946954, -0.5746536658058667, -0.7085403151401696, 0.2616215980792546
0.7066374836107473, 0.5085721183998019, -0.27814191081946954, -0.5746536658058667, -0.7085403151401696
0.28151611006924887, 0.7066374836107473, 0.5085721183998019, -0.27814191081946954, -0.5746536658058667
-0.3031272722043655, 0.28151611006924887, 0.7066374836107473, 0.5085721183998019, -0.27814191081946954
-0.8385006332922591, -0.3031272722043655, 0.28151611006924887, 0.7066374836107473, 0.5085721183998019
-0.28235199895104085, -0.8385006332922591, -0.3031272722043655, 0.28151611006924887, 0.7066374836107473
0.11718691775839314, -0.28235199895104085, -0.8385006332922591, -0.3031272722043655, 0.28151611006924887
0.9445171242274489, 0.11718691775839314, -0.28235199895104085, -0.8385006332922591, -0.3031272722043655
0.2913929210172547, 0.9445171242274489, 0.11718691775839314, -0.28235199895104085, -0.8385006332922591
0.034118024578452304, 0.2913929210172547, 0.9445171242274489, 0.11718691775839314, -0.28235199895104085
-0.9976038062176261, 0.034118024578452304, 0.2913929210172547, 0.9445171242274489, 0.11718691775839314
-0.31856389837311994, -0.9976038062176261, 0.034118024578452304, 0.2913929210172547, 0.9445171242274489
-0.14545815159882894, -0.31856389837311994, -0.9976038062176261, 0.034118024578452304, 0.2913929210172547
0.977996206990961, -0.14545815159882894, -0.31856389837311994, -0.9976038062176261, 0.034118024578452304
0.3717057103060054, 0.977996206990961, -0.14545815159882894, -0.31856389837311994, -0.9976038062176261
0.21868488016728224, 0.3717057103060054, 0.977996206990961, -0.14545815159882894, -0.31856389837311994
-0.8811210008420592, 0.21868488016728224, 0.3717057103060054, 0.977996206990961, -0.14545815159882894
-0.4549761887146637, -0.8811210008420592, 0.21868488016728224, 0.3717057103060054, 0.977996206990961
-0.25992201615555727, -0.4549761887146637, -0.8811210008420592, 0.21868488016728224, 0.3717057103060054
0.7201697242659566, -0.25992201615555727, -0.4549761887146637, -0.8811210008420592, 0.21868488016728224
0.5668719133094241, 0.7201697242659566, -0.25992201615555727, -0.4549761887146637, -0.8811210008420592
0.2776013733654901, 0.5668719133094241, 0.7201697242659566, -0.25992201615555727, -0.4549761887146637
-0.5215358255872554, 0.2776013733654901, 0.5668719133094241, 0.7201697242659566, -0.25992201615555727
-0.6981537332401563, -0.5215358255872554, 0.2776013733654901, 0.5668719133094241, 0.7201697242659566
-0.2814919523893398, -0.6981537332401563, -0.5215358255872554, 0.2776013733654901, 0.5668719133094241
0.31561269130616126, -0.2814919523893398, -0.6981537332401563, -0.5215358255872554, 0.2776013733654901
0.830725014818411, 0.31561269130616126, -0.2814919523893398, -0.6981537332401563, -0.5215358255872554
0.28216900716514115, 0.830725014818411, 0.31561269130616126, -0.2814919523893398, -0.6981537332401563
-0.1278996560457793, 0.28216900716514115, 0.830725014818411, 0.31561269130616126, -0.2814919523893398
-0.9391770594563743, -0.1278996560457793, 0.28216900716514115, 0.830725014818411, 0.31561269130616126
-0.29039193945963926, -0.9391770594563743, -0.1278996560457793, 0.28216900716514115, 0.830725014818411
-0.025817896670808742, -0.29039193945963926, -0.9391770594563743, -0.1278996560457793, 0.28216900716514115
0.9962738748182981, -0.025817896670808742, -0.29039193945963926, -0.9391770594563743, -0.1278996560457793
0.3161708960015154, 0.9962738748182981, -0.025817896670808742, -0.29039193945963926, -0.9391770594563743
0.13966075124947847, 0.3161708960015154, 0.9962738748182981, -0.025817896670808742, -0.29039193945963926
-0.9815299772947913, 0.13966075124947847, 0.3161708960015154, 0.9962738748182981, -0.025817896670808742
-0.3675199413630471, -0.9815299772947913, 0.13966075124947847, 0.3161708960015154, 0.9962738748182981
-0.2151226554332713, -0.3675199413630471, -0.9815299772947913, 0.13966075124947847, 0.3161708960015154
0.8892740276217838, -0.2151226554332713, -0.3675199413630471, -0.9815299772947913, 0.13966075124947847
0.4488813895893374, 0.8892740276217838, -0.2151226554332713, -0.3675199413630471, -0.9815299772947913
0.25812995705990793, 0.4488813895893374, 0.8892740276217838, -0.2151226554332713, -0.3675199413630471
-0.7316505996407315, 0.25812995705990793, 0.4488813895893374, 0.8892740276217838, -0.2151226554332713
-0.5591689104959542, -0.7316505996407315, 0.25812995705990793, 0.4488813895893374, 0.8892740276217838
-0.2770066823798857, -0.5591689104959542, -0.7316505996407315, 0.25812995705990793, 0.4488813895893374
0.5344728372148209, -0.2770066823798857, -0.5591689104959542, -0.7316505996407315, 0.25812995705990793
0.6896775800761389, 0.5344728372148209, -0.2770066823798857, -0.5591689104959542, -0.7316505996407315
0.2814551616329732, 0.6896775800761389, 0.5344728372148209, -0.2770066823798857, -0.5591689104959542
-0.3281726435916906, 0.2814551616329732, 0.6896775800761389, 0.5344728372148209, -0.2770066823798857
-0.8228558897169731, -0.3281726435916906, 0.2814551616329732, 0.6896775800761389, 0.5344728372148209
-0.2820157339187829, -0.8228558897169731, -0.3281726435916906, 0.2814551616329732, 0.6896775800761389
0.13874857863285722, -0.2820157339187829, -0.8228558897169731, -0.3281726435916906, 0.2814551616329732
0.933634100123855, 0.13874857863285722, -0.2820157339187829, -0.8228558897169731, -0.3281726435916906
0.2894601994286611, 0.933634100123855, 0.13874857863285722, -0.2820157339187829, -0.8228558897169731
0.017359541376087907, 0.2894601994286611, 0.933634100123855, 0.13874857863285722, -0.2820157339187829
-0.9946581526512683, 0.017359541376087907, 0.2894601994286611, 0.933634100123855, 0.13874857863285722
-0.3138789596273633, -0.9946581526512683, 0.017359541376087907, 0.2894601994286611, 0.933634100123855
-0.1337119720037517, -0.3138789596273633, -0.9946581526512683, 0.017359541376087907, 0.2894601994286611
0.9847547134414301, -0.1337119720037517, -0.3138789596273633, -0.9946581526512683, 0.017359541376087907
0.36345324016797204, 0.9847547134414301, -0.1337119720037517, -0.3138789596273633, -0.9946581526512683
0.2114328715370336, 0.36345324016797204, 0.9847547134414301, -0.1337119720037517, -0.3138789596273633
-0.8971669368746928, 0.2114328715370336, 0.36345324016797204, 0.9847547134414301, -0.1337119720037517
-0.44290213336892453, -0.8971669368746928, 0.2114328715370336, 0.36345324016797204, 0.9847547134414301
-0.25624317094015253, -0.44290213336892453, -0.8971669368746928, 0.2114328715370336, 0.36345324016797204
0.742975410909348, -0.25624317094015253, -0.44290213336892453, -0.8971669368746928, 0.2114328715370336
0.5515479116012232, 0.742975410909348, -0.25624317094015253, -0.44290213336892453, -0.8971669368746928
0.2763553296834121, 0.5515479116012232, 0.742975410909348, -0.25624317094015253, -0.44290213336892453
-0.5473758332695675, 0.2763553296834121, 0.5515479116012232, 0.742975410909348, -0.25624317094015253
-0.6812144823121395, -0.5473758332695675, 0.2763553296834121, 0.5515479116012232, 0.742975410909348
-0.2814030871150255, -0.6812144823121395, -0.5473758332695675, 0.2763553296834121, 0.5515479116012232
0.3408018690725776, -0.2814030871150255, -0.6812144823121395, -0.5473758332695675, 0.2763553296834121
0.8149001305374257, 0.3408018690725776, -0.2814030871150255, -0.6812144823121395, -0.5473758332695675
0.2818895700490074, 0.8149001305374257, 0.3408018690725776, -0.2814030871150255, -0.6812144823121395
-0.1497310679541008, 0.2818895700490074, 0.8149001305374257, 0.3408018690725776, -0.2814030871150255
-0.9278947017046483, -0.1497310679541008, 0.2818895700490074, 0.8149001305374257, 0.3408018690725776
-0.28859539960661645, -0.9278947017046483, -0.1497310679541008, 0.2818895700490074, 0.8149001305374257
-0.0087433561431503, -0.28859539960661645, -0.9278947017046483, -0.1497310679541008, 0.2818895700490074
0.9927603499191892, -0.0087433561431503, -0.28859539960661645, -0.9278947017046483, -0.1497310679541008
0.3116864338129245, 0.9927603499191892, -0.0087433561431503, -0.28859539960661645, -0.9278947017046483
0.12761077966150314, 0.3116864338129245, 0.9927603499191892, -0.0087433561431503, -0.28859539960661645
-0.9876697355918806, 0.12761077966150314, 0.3116864338129245, 0.9927603499191892, -0.0087433561431503
-0.35950502422992725, -0.9876697355918806, 0.12761077966150314, 0.3116864338129245, 0.9927603499191892
-0.20761371722219782, -0.35950502422992725, -0.9876697355918806, 0.12761077966150314, 0.3116864338129245
0.9047947399317625, -0.20761371722219782, -0.35950502422992725, -0.9876697355918806, 0.12761077966150314
0.437039435402719, 0.9047947399317625, -0.20761371722219782, -0.35950502422992725, -0.9876697355918806
0.2542594278067955, 0.437039435402719, 0.9047947399317625, -0.20761371722219782, -0.35950502422992725
-0.7541366976653793, 0.2542594278067955, 0.437039435402719, 0.9047947399317625, -0.20761371722219782
-0.5440120292012023, -0.7541366976653793, 0.2542594278067955, 0.437039435402719, 0.9047947399317625
-0.2756448202348102, -0.5440120292012023, -0.7541366976653793, 0.2542594278067955, 0.437039435402719
0.56023741438459, -0.2756448202348102, -0.5440120292012023, -0.7541366976653793, 0.2542594278067955
0.6727697724562504, 0.56023741438459, -0.2756448202348102, -0.5440120292012023, -0.7541366976653793
0.28133308257993567, 0.6727697724562504, 0.56023741438459, -0.2756448202348102, -0.5440120292012023
-0.35349494864828074, 0.28133308257993567, 0.6727697724562504, 0.56023741438459, -0.2756448202348102
-0.8068645652753098, -0.35349494864828074, 0.28133308257993567, 0.6727697724562504, 0.56023741438459
-0.28178789676576244, -0.8068645652753098, -0.35349494864828074, 0.28133308257993567, 0.6727697724562504
0.16084434626250604, -0.28178789676576244, -0.8068645652753098, -0.35349494864828074, 0.28133308257993567
0.9219654139520848, 0.16084434626250604, -0.28178789676576244, -0.8068645652753098, -0.35349494864828074
0.2877952102862357, 0.9219654139520848, 0.16084434626250604, -0.28178789676576244, -0.8068645652753098
-3.0145262058381946e-05, 0.2877952102862357, 0.9219654139520848, 0.16084434626250604, -0.28178789676576244
-0.990584410320215, -3.0145262058381946e-05, 0.2877952102862357, 0.9219654139520848, 0.16084434626250604
-0.30959161131718554, -0.990584410320215, -3.0145262058381946e-05, 0.2877952102862357, 0.9219654139520848
-0.12135620743104548, -0.30959161131718554, -0.990584410320215, -3.0145262058381946e-05, 0.2877952102862357
0.9902746567077211, -0.12135620743104548, -0.30959161131718554, -0.990584410320215, -3.0145262058381946e-05
0.35567462942026057, 0.9902746567077211, -0.12135620743104548, -0.30959161131718554, -0.990584410320215
0.20366341634839458, 0.35567462942026057, 0.9902746567077211, -0.12135620743104548, -0.30959161131718554
-0.9121526782357408, 0.20366341634839458, 0.35567462942026057, 0.9902746567077211, -0.12135620743104548
-0.4312941949808511, -0.9121526782357408, 0.20366341634839458, 0.35567462942026057, 0.9902746567077211
-0.25217651807404134, -0.4312941949808511, -0.9121526782357408, 0.20366341634839458, 0.35567462942026057
0.7651270798198591, -0.25217651807404134, -0.4312941949808511, -0.9121526782357408, 0.20366341634839458
0.5365642348624293, 0.7651270798198591, -0.25217651807404134, -0.4312941949808511, -0.9121526782357408
0.2748726725410333, 0.5365642348624293, 0.7651270798198591, -0.25217651807404134, -0.4312941949808511
-0.5730501095560909, 0.2748726725410333, 0.5365642348624293, 0.7651270798198591, -0.25217651807404134
-0.6643486545881812, -0.5730501095560909, 0.2748726725410333, 0.5365642348624293, 0.7651270798198591
-0.28124250689715363, -0.6643486545881812, -0.5730501095560909, 0.2748726725410333, 0.5365642348624293
0.3662463065936695, -0.28124250689715363, -0.6643486545881812, -0.5730501095560909, 0.2748726725410333
0.7987559702808875, 0.3662463065936695, -0.28124250689715363, -0.6643486545881812, -0.5730501095560909
0.28170808668121305, 0.7987559702808875, 0.3662463065936695, -0.28124250689715363, -0.6643486545881812
-0.17208547392426382, 0.28170808668121305, 0.7987559702808875, 0.3662463065936695, -0.28124250689715363
-0.9158528713896266, -0.17208547392426382, 0.28170808668121305, 0.7987559702808875, 0.3662463065936695
-0.2870572746669628, -0.9158528713896266, -0.17208547392426382, 0.28170808668121305, 0.7987559702808875
0.008960329517866985, -0.2870572746669628, -0.9158528713896266, -0.17208547392426382, 0.28170808668121305
0.9881345039105185, 0.008960329517866985, -0.2870572746669628, -0.9158528713896266, -0.17208547392426382
0.3075927347294924, 0.9881345039105185, 0.008960329517866985, -0.2870572746669628, -0.9158528713896266
0.11494735860670581, 0.3075927347294924, 0.9881345039105185, 0.008960329517866985, -0.2870572746669628
-0.9925693823490925, 0.11494735860670581, 0.3075927347294924, 0.9881345039105185, 0.008960329517866985
-0.35196131203600073, -0.9925693823490925, 0.11494735860670581, 0.3075927347294924, 0.9881345039105185
-0.19958022932557962, -0.35196131203600073, -0.9925693823490925, 0.11494735860670581, 0.3075927347294924
0.9192362305495959, -0.19958022932557962, -0.35196131203600073, -0.9925693823490925, 0.11494735860670581
0.4256671974352686, 0.9192362305495959, -0.19958022932557962, -0.35196131203600073, -0.9925693823490925
0.2499922531310271, 0.4256671974352686, 0.9192362305495959, -0.19958022932557962, -0.35196131203600073
-0.775939267967944, 0.2499922531310271, 0.4256671974352686, 0.9192362305495959, -0.19958022932557962
-0.5292073599389239, -0.775939267967944, 0.2499922531310271, 0.4256671974352686, 0.9192362305495959
-0.27403641905879467, -0.5292073599389239, -0.775939267967944, 0.2499922531310271, 0.4256671974352686
0.5858063841427171, -0.27403641905879467, -0.5292073599389239, -0.775939267967944, 0.2499922531310271
0.6559562018783202, 0.5858063841427171, -0.27403641905879467, -0.5292073599389239, -0.775939267967944
0.2811287247346779, 0.6559562018783202, 0.5858063841427171, -0.27403641905879467, -0.5292073599389239
-0.3790502133738897, 0.2811287247346779, 0.6559562018783202, 0.5858063841427171, -0.27403641905879467
-0.7905810634195319, -0.3790502133738897, 0.2811287247346779, 0.6559562018783202, 0.5858063841427171
-0.2816475048200551, -0.7905810634195319, -0.3790502133738897, 0.2811287247346779, 0.6559562018783202
0.18345134790112522, -0.2816475048200551, -0.7905810634195319, -0.3790502133738897, 0.2811287247346779
0.9095637838330053, 0.18345134790112522, -0.2816475048200551, -0.7905810634195319, -0.3790502133738897
0.28637921013500733, 0.9095637838330053, 0.18345134790112522, -0.2816475048200551, -0.7905810634195319
