3.3776874061001925, 3.03181761176121, 1.68228632332338, 1.0356670011718534, 2.045098885474434
1.6197365498016572, 3.1351943561390905, 1.2132509043157098, 1.9063878166094232, 2.333528157820125
3.6324515407813407, 2.018747423269561, 1.1273513775988153, 3.0232168166288957, 2.4734759867013265
1.0020253654497622, 3.6389850238729604, 3.9311419041506124, 3.2408689439863583, 3.608663801758331
1.2405902772773305, 2.9193269930405146, 3.595353151871974, 2.735935727661765, 1.8885708618108534
0.4028048322734632, 1.7366873418151347, 2.4435478937752064, 3.652044212951593, 3.8664254710830352
1.9080391062108681, 3.4612397110865603, 1.0419692415678377, 3.2201113080520893, 2.194797215342357
0.05616680065607582, 2.8788187456158165, 1.595294168897075, 3.299379908592932, 2.6726128049274034
0.004571277257713113, 1.9743114658612986, 3.4704111019711235, 0.9756435075485279, 1.3008174509895603
3.4818849284346185, 0.7642683660095622, 2.2700429624826874, 0.9544637144608807, 3.8701610011605734
3.21271787711948, 1.7918782857422815, 0.32178327421014163, 1.280218418690183, 2.0317625700822957
3.731335296907627, 0.4362313837244147, 2.205068984362205, 2.8262456394675586, 2.189763645313695
3.257867453165344, 2.161134427881296, 3.8553541838952037, 2.412742511845532, 2.3504682567017454
1.7799561051020647, 2.385147446332425, 1.5396045838906418, 2.302604056659554, 1.161318009611032
0.7575653142174246, 0.7469181130222204, 2.4510927194744268, 2.6266375559585153, 1.906123968037523
0.3592974447823747, 3.030415687865747, 3.507081483291099, 3.6935240637851225, 3.3698408925607297
3.592692485431516, 3.692329759280707, 2.1623996997922177, 1.5651842009384995, 2.821133599417625
1.1025364852485087, 3.246514834031514, 3.3979438607454684, 3.580155869706701, 2.3592047341246394
3.799059492928482, 2.3187800429824237, 1.8022524265246207, 2.640981514489556, 3.985031357414291
3.6677648717898244, 3.1733003365208967, 0.3294919527865896, 2.451132420162849, 1.9457768078766673
2.520589361645891, 3.380310302686061, 0.972142488247425, 2.925956883163391, 0.4685371728340719
0.8818421474713141, 3.1783318868423036, 1.3301445968786219, 3.263652386134638, 0.4024300808643848
0.5854339556492154, 2.7906825607649552, 0.1809362714624494, 2.2954641471566677, 3.640064058796159
2.136791873042896, 2.722356530249026, 0.10678717864882081, 2.539999639645833, 2.4253536710168757
2.303811792126163, 1.5648376372913075, 1.48055976134075, 3.9220666025890747, 0.14556815044594318
0.08654603942009631, 3.8441251209584446, 0.7398877655897533, 0.49558065769772686, 0.8423060395465858
3.2029863614167238, 3.747876634578323, 0.09113030267463351, 1.7024753278672686, 0.406000877496679
1.039679559171328, 0.8833170852652694, 2.58770287934129, 1.4011758695861292, 0.7212716061187514
2.014546020839549, 0.1575148283387695, 0.40368496475586646, 3.9529405948900043, 0.7974231618682519
1.4342212052464074, 2.9263932249014424, 3.3533062607736652, 3.673928247981326, 0.6776984243898707
2.6905622542922103, 3.8661956121727328, 0.23220377530599468, 2.704807137197513, 3.3816983748064655
1.369250164314336, 1.0027493571404467, 2.387165573877644, 1.7692561347963158, 0.6992779378057645
1.8865016603851519, 1.6396215826302183, 2.276450958097121, 2.0344005202505326, 1.2457840040008272
1.4286067303610515, 3.350644697475916, 1.0037306592885482, 2.242400875414096, 0.04974527531725759
2.9662975096426543, 1.3436662178938423, 0.1827859742736666, 1.123532656873393, 0.9605216313054159
3.8125173593111956, 1.4089022460620297, 1.1515116594256, 1.4368047890149853, 3.7876233426315644
2.5349914089970103, 2.484307382474669, 2.862477401205825, 1.5520689412500226, 1.6576719531089892
2.60333144905338, 0.006096887426880748, 0.7692381649787032, 1.3376067626500063, 0.9576638407438343
2.549597604517201, 1.5145922812923778, 3.501693566852069, 2.2726056836407675, 1.6576255867345773
1.6090683004763182, 2.8073184957347017, 1.6729062131698642, 2.6487835558952697, 0.18711874382719307
1.7814087588753194, 1.036907693788891, 0.6307462884892434, 2.1102925206704586, 1.9490624042761282
2.2456197024577076, 3.02193906903473, 3.5355006169948036, 1.9783306815011472, 1.2482329856674919
1.8675689414100942, 3.2361834294414495, 3.5000653259210845, 3.2496597294550362, 0.752005176203312
3.9976814378213215, 2.5323550396732015, 0.33386820070291723, 2.9022174218452497, 3.9472859208205127
1.6072672888501742, 2.714060020967873, 1.2647085488853693, 0.8540986482587845, 2.869296573244149
0.009430258877415554, 3.290925642125663, 2.113383907439171, 0.39113736720263725, 0.47561557913898334
2.5970616995846143, 3.494615295601369, 1.1199309733074903, 3.9140607470935924, 0.4007227562548361
3.4157524383893527, 1.5867847093236178, 0.3253816670729366, 1.0988553736770483, 1.8119127392716572
3.169366124742609, 3.4454396145489445, 0.5336822168101962, 2.0834621136567955, 2.603132952598949
1.388212058398406, 3.4874553428423445, 1.1136392608654422, 0.07429731018238073, 0.1626530947010436
2.723987080444973, 2.2334229443881877, 3.786010216679984, 3.7537551989396745, 3.63940470962041
0.16801812786936487, 2.9965392935634525, 2.8052992703794386, 2.6214474586989183, 2.849430610064967
3.6108406024773227, 2.5605647991728966, 1.489797051889024, 2.151715134927282, 0.8313764147632989
2.348502018780574, 0.03558832819631519, 0.6040926954559511, 1.3336335521194655, 3.1584926357031304
2.873997691086158, 1.3530238801067145, 2.4821524332662066, 0.16481179802483714, 0.6554421827023038
3.9276562805012216, 1.1581234145434678, 1.5791679319531626, 2.1939371862900536, 1.1736280058293462
1.9122586766040839, 0.9588243345544956, 0.19302544915317776, 0.7183473961662226, 2.0922009268003925
0.28345153637738996, 1.612676585780374, 1.3140828400619475, 1.6588864358857696, 0.39760135295480437
3.634630217587122, 1.8960186045491856, 3.3633933305106862, 3.904917830596228, 1.374606374631071
1.9163460766079443, 2.798381164602474, 1.706141294176113, 1.2076124648774238, 2.939003964874461
3.577599112858298, 3.6787553777264406, 2.506968187227469, 1.502285385314181, 3.8982420859187763
2.5555140700018932, 0.2633387091092039, 0.3386782764804446, 2.999478287132344, 0.24462462618386427
0.0314040213250073, 1.5752318071268379, 2.076014914805317, 1.7941771423862183, 1.9544752177086102
2.3395548079730975, 2.7172102694884996, 1.69215229402969, 1.4733258253377035, 3.953836232397158
1.043666141785025, 3.108400618034038, 1.7248840985281766, 1.4340815280381558, 0.2554317957753147
3.4543157772081696, 2.8080165990477486, 3.6120428301637086, 1.8064471707474707, 2.707683867266414
0.47564114621542286, 1.5918144064092536, 0.8289278936683315, 0.16840571156264783, 3.79184540502528
0.8635774738614286, 0.5854179592320228, 0.7918801742317689, 1.5121278572571901, 2.185565049260455
0.6053374738915642, 3.954759555943026, 3.9319568421811284, 0.5936080683441194, 1.6236275326717955
2.719717932440009, 3.5106263316043806, 1.981623699644755, 3.6681866910392604, 1.2898412595252244
1.9937635659630013, 1.9945863674600357, 2.6802726052611767, 0.8079652351978144, 2.4390824416671215
0.875092387488623, 1.360881260204128, 3.850265853018727, 3.5960321521240304, 3.2724735236711764
0.14187304750404905, 0.593467529847719, 1.0275276482876152, 3.136666272756617, 3.3693333083094688
2.331792720984886, 2.8725266071073174, 3.2282215199003033, 0.26543652415114094, 0.3385725473322805
3.475581256017514, 0.15766331751211515, 0.9003626147059842, 0.16252810658360373, 0.06114055987890721
3.3758187427696313, 1.3223774690003212, 0.6427602410508824, 0.595277961155638, 2.624334647081348
3.8743930867708283, 2.0199987704227134, 3.6043619075360196, 2.00971439580971, 2.295489909966197
2.7142854271574364, 3.220439956128548, 3.0313855290455303, 3.962130250822249, 2.987861556600531
3.623122893411465, 0.8244193282623331, 2.141665217314324, 2.3944570546698762, 3.3027864686414152
1.9288542522636645, 3.164160846836382, 1.5542755606004568, 2.3455538223257983, 3.4052664299242714
3.1922378844166333, 2.6279382075445366, 0.0009627861006675786, 0.7278756887448443, 2.027431147404511
1.0178375939335171, 0.26248337309092307, 3.4395336884858465, 3.7717880852526524, 1.2112195125961347
1.632292669539443, 3.2401501352691477, 0.24903503548489248, 2.563939450249801, 0.5092832517311483
1.1483533599809008, 3.319762746513624, 0.2221081835586456, 0.14373533372075586, 1.671464179185178
1.9673238363850558, 3.4533007324328033, 2.868754985380758, 2.6941752343981387, 0.6054950895991471
3.946823696874733, 1.6445607851499253, 2.4470834572994398, 1.546732022132943, 0.18813166324736175
1.8835568361922608, 0.605471015579345, 0.12986184949577595, 2.469601694724022, 2.5198651648733423
0.42117129862545966, 2.1965750649271087, 1.3866719065598732, 1.5336562926595496, 3.1056795947987133
1.9612787100969826, 3.5251064616489654, 2.4404789716248936, 1.8687536601522812, 2.5292505602215383
1.3514615193150097, 0.4972951701130097, 2.7301184747700953, 2.488149770986628, 3.154265965495454
0.5084364997884352, 3.6471332725180887, 3.197364845687256, 3.6675496323640373, 3.4901388870938677
2.724025785428228, 3.2410033977494357, 2.0760292369256073, 3.1419565974426606, 0.7565098714287402
3.1284564254291767, 1.7783184162253627, 3.02646488518946, 1.8218809472487512, 3.1582349131111327
0.30135834087424085, 0.17856362169764983, 3.7371583294862707, 1.9446604029949404, 3.604285598595619
3.7791330075282805, 2.666044609822534, 2.2871873043738984, 0.8639175364272367, 0.3739048771960327
3.2775768603290927, 3.555088270527951, 3.1175828427795427, 2.7940097309264997, 1.680444464299283
1.2212463601078256, 0.45377958255083595, 1.703880992288652, 2.2640518969910297, 3.69152233255005
3.7430190773238126, 1.6625647861636526, 0.3968439523923828, 3.0952749298857736, 2.9371173666284633
0.12280338380762457, 1.786874396535346, 2.7456724171942324, 0.12053693820907974, 3.6771294136064547
3.848969946041677, 2.89017108835536, 0.3141541586072152, 0.28131786350542276, 1.4370132592849476
0.11751003102794577, 1.391510909137358, 0.03985696525186411, 3.8972940513638714, 3.276026796275451
0.28207044591274943, 3.573740367391441, 0.8319121600160626, 0.8191631930773999, 2.6950365821153364
3.7530490726501924, 0.49275248491694956, 0.02873826900908183, 1.4765205886801027, 0.0986000577446231
2.4193929503221243, 3.4367024344768353, 0.7479668096914311, 0.44956414332073624, 1.3777984293544434
3.8366860824292552, 0.5206307777147363, 3.866077041867975, 1.448959479779397, 1.8934816110404462
1.1705279438598941, 3.748507376861879, 3.83259157994999, 2.5436628260309737, 0.7361822007006222
3.9718071544411484, 0.41032175818764793, 2.3233975263763216, 0.625612240332035, 3.5907012566008225
3.7827135659824607, 3.2175611920004314, 1.2635656746724977, 0.9713547598319408, 3.019433652876151
1.164238076581416, 1.6791415114163013, 0.18502270761056527, 0.5289352417352262, 0.08219848256710671
0.3116844803741432, 0.29284459745944336, 1.6809268086965874, 2.2031087105497513, 2.963515279483688
0.5691338953696641, 1.6887549846776753, 2.5478641496468817, 0.3382227792757302, 1.7792446205848154
1.477024156959191, 3.795727715766647, 0.23142845560406888, 1.6345048847325923, 1.6689019191848202
2.912722018398712, 1.2826840114980156, 0.8159611037849359, 1.1732466206652203, 1.8835501697974348
3.8010733182864844, 3.1860680910532255, 1.107880983118973, 2.2327263535721853, 2.752801214274133
3.182628622728529, 1.7846575357993903, 1.595107620518824, 3.070562971285114, 1.7268659822564483
0.9918306755880204, 1.8137881261225908, 3.7484185851618244, 0.5702699528744053, 1.8497414181088483
2.549214097455126, 1.933151953072401, 0.8145596174814798, 0.00737264246266367, 2.795966847213756
2.47494207209381, 0.03110659774345681, 1.1942404840724832, 3.074537038171366, 2.5156815141784836
2.180832463775889, 0.6248844392361956, 2.825176171998754, 1.8857396868632148, 2.7127149849438545
3.0403593468939687, 0.9294508857649806, 3.0479800523908467, 1.120353538753557, 3.936060548472982
0.4833264431380746, 3.5348720749762257, 0.1621885001734853, 1.026303273392576, 2.1044076350498737
2.3264647337783786, 1.5849399401123687, 0.4081269129082843, 1.0104323432988531, 1.1335860154419546
3.020891418234926, 3.6350973008880283, 2.3816396619456777, 0.14180386276410983, 3.168945886566841
1.2224157313596797, 1.3595616256649738, 2.120741750581659, 0.9961881903022203, 3.6799123514294787
0.6542190333632516, 1.659321602014931, 1.1587677980288231, 2.0793364088064585, 2.2959272123295063
2.5085587564193705, 2.125503215351891, 1.643218009342398, 2.538376049505864, 1.6136515063472703
3.114201036216191, 3.1527097010199605, 1.1690166724432887, 1.4872172942230981, 2.5152436237875446
0.6282798684626285, 2.7881277239476994, 1.5257110119228523, 2.364249899028028, 0.5581323969248873
2.6730335443902393, 1.4162314424547988, 1.890662304828926, 1.6604296033981427, 1.9068609919803783
2.778782531665777, 1.2729607073283118, 2.6082179235941934, 0.24088842999880766, 1.2007406098488396
2.980838760600183, 0.2096235122482546, 2.484568781128941, 0.10218719707135415, 1.886115473239602
3.554180174853906, 0.0404403759904155, 2.1073120826156915, 0.26582731863545206, 3.468439104597953
2.7451860889586586, 2.9678154267257164, 2.676030319783552, 0.025693814792582703, 0.16471144903159418
2.4835072160881864, 3.9987405023076454, 3.4925889563671717, 2.798743226901484, 2.908399817369159
0.9067480904066496, 3.006455736543248, 1.1516964194537502, 0.4218410680895719, 1.8435795818670315
1.3207830901184723, 0.673021594604716, 1.6868395700456187, 3.588803907855502, 1.7410810931926752
1.7891675809988992, 2.835311029776952, 2.0966474806091693, 0.5168921413679741, 3.64156959017588
1.7764973446478605, 3.1573509569014364, 1.5555005200889767, 3.227384075282768, 1.5581456640298108
0.8806380866641832, 0.7847786676666746, 3.7601385773500415, 2.34612103432408, 0.19917306023305947
1.5533903847121966, 0.936117042099708, 0.33862825843719735, 0.7470234740856339, 0.22796191999801385
2.5522945129124106, 0.6934954593498754, 2.443119504974102, 2.450026991564919, 2.819694842959747
2.048474602445725, 1.137695961339193, 3.5098298157141117, 1.4122843268940546, 1.8331772999149565
2.5275177269221856, 2.064497192669798, 3.825873394266135, 3.8188707097524883, 3.7190394024377054
3.7363053986610324, 2.323840542274784, 1.9608082549200119, 2.8164672695294755, 0.8616783719418719
1.063488156862113, 0.17522901453236672, 0.6514301702321239, 0.015498199755242137, 2.6185103060939925
0.5616279561427278, 3.1467173823042085, 2.7220159835269, 3.882703173417983, 1.5860579478075651
3.685567653804211, 1.8148166892781328, 1.3580149593448283, 0.40935547966821506, 3.5313287402874387
3.1791606342503473, 1.2917159061402423, 1.8229775397025159, 1.300573863252993, 0.1153164661523789
0.17741010159646775, 1.4748165035282357, 0.8383653125151347, 2.098058412842369, 0.7511401425984756
0.8064863458656388, 2.6906715252705213, 2.9424106270468635, 1.2489283834964198, 3.4399775977334905
1.0185566986228425, 1.3757615051262286, 2.849921561478436, 0.17801160531683857, 3.736733840464764
0.2893509271505015, 1.8437242357522408, 2.898419303840357, 0.18987413993919233, 3.2360107425487095
3.9155733732456555, 1.842046691182512, 0.4724945451502722, 0.3259079826219198, 0.39492174465254104
3.061765496545901, 1.6560513938740744, 3.6769366327961244, 1.762559104345938, 0.3085732405784323
1.7077423500720026, 3.019311573702226, 3.3173537073871797, 0.15740674611676742, 0.7215575650253352
1.960053808094576, 0.5123419118064345, 3.484370567768693, 3.7378435537845953, 1.2783879934152704
1.73937473020808, 2.2282162576802262, 1.1420231643343564, 2.1643027898382456, 0.8047401818951352
1.1865650051076515, 1.7671345327507098, 2.418679608764572, 2.1446601043449727, 1.043951906935758
0.9271515016722209, 0.47492094680284413, 3.1339745435686903, 0.39560306586552185, 2.9315400247174423
0.9950947826523988, 1.1382279360231302, 2.9443337320431975, 2.6384831668865454, 2.967686222062233
2.0611322351774457, 3.436383278661083, 0.48717556550188634, 2.5807878456260207, 0.47297724995462387
2.9491334725817127, 1.4356186458338107, 2.69952841748444, 2.8139356537651268, 2.6424338305642334
0.8862319213113059, 3.3271995455494148, 0.9605443496938699, 2.072613188848449, 2.698583016613405
0.9344126991390262, 2.514046891935756, 1.1473241919893145, 0.6855295043375476, 3.238995314106308
2.2124910803094417, 1.3115388264354242, 2.3417237888221596, 0.10114558970915333, 0.5192914270413089
1.5823234067929723, 3.903026317857649, 2.0418980715044928, 0.30582482026758084, 3.0601624609978266
3.125775483701261, 3.099208697579425, 2.2779921521918154, 2.7827949514778507, 0.8538317452465254
2.930242363575953, 3.2646959493663776, 3.039866160887677, 1.413849610343548, 2.3641122023028345
2.515957429959355, 3.6032394146283355, 0.432055581093334, 3.3357350834016337, 2.105742233876157
1.4344564822077492, 1.8224116059750095, 0.050541995722955146, 0.8802943693257106, 2.6110536802720197
2.643397119017796, 1.9787957611452525, 3.8133035223892784, 1.9236603541978847, 1.255774638182642
3.3911233567825656, 1.036633197589048, 2.417223972137398, 2.8136754092892, 3.2867851947671367
3.1414750007309955, 1.536369322054845, 0.23672122385094774, 0.15315146193377105, 2.905841551633838
3.8467655256274034, 1.3726614970851756, 1.7647803923020566, 2.9031920629671064, 2.6313249834155195
1.0404263539365441, 2.68633938319481, 1.2196096782975352, 1.425431626248154, 2.1580532210523775
2.929255295706922, 0.6048648462718593, 0.08794884357175503, 2.5113198179400875, 0.09825871114334506
0.17985296286467412, 0.9031023068885342, 2.615507493217822, 0.26618039074411515, 0.24962307050611088
3.888372977494467, 1.6906115751221993, 3.5697157359714367, 0.8660971358110561, 1.7408527178184676
1.4321405384526202, 0.7077421441398766, 1.3152527430076666, 3.947183274784187, 2.989236039180478
1.530673116732634, 1.6371377375997263, 1.0549636046202653, 2.1253467143953, 2.9425476485677864
2.746586463002404, 1.8505993413652781, 0.167756186864628, 3.6860312259970742, 1.6357352123842643
1.5611954680477265, 0.012440457956619966, 0.5529088563276523, 3.4754136700027147, 2.055738384725212
2.9297393768907067, 0.5926715457334342, 1.3202040266209978, 3.3605462261514556, 3.2826340847096986
0.9871770723449624, 0.08790123333228905, 3.2258678941824117, 0.6753760201576866, 3.1507255684835815
2.7346369195404283, 0.6732590412435768, 0.3139545746796508, 3.7105977196891557, 2.391513589133574
2.482040692226044, 1.8300472113522148, 0.6002839092891543, 2.407879651786351, 1.0098915201500147
3.223578624070166, 2.930875819221664, 0.10906874018204693, 3.729692038580139, 0.14526419330671247
0.3584772753228296, 1.1709382436169813, 0.6032362418805604, 0.9445803316664096, 1.4232379544462188
2.9419988618188553, 1.6188454430593775, 1.0793590189017035, 1.9692526145106783, 1.5703729991550421
1.243056789944828, 3.602166631466976, 2.2017938038384175, 3.909310043899069, 3.0916496375737528
2.281997190478308, 1.0497863571074562, 2.747374625155355, 1.823670875879087, 2.8855508601670135
1.6151152356442462, 1.9840201452717903, 0.08273506978302247, 2.959834009280212, 0.13709417742252272
2.7229015433905586, 2.3280147821518486, 3.1036704459525066, 1.1591103969496626, 2.7444432604933193
0.8283919025241526, 2.1170880054313246, 1.3611215170047206, 3.9138182054280515, 3.887466229517274
0.8358789418934403, 2.2641529435433174, 1.31777074351309, 3.8741527480811238, 3.6981037927462634
2.3445834122259583, 2.880337820433975, 2.7252990268362782, 1.413422529773444, 3.66544627750064
3.597814147265428, 1.3226338579123174, 2.9895796424174343, 0.036368506697794345, 3.2654364422337676
2.2594773815919984, 3.809226851003801, 1.452772298192698, 2.5028522996134828, 1.2920097260135148
3.1311415256159987, 2.4028119871320013, 3.949884091914757, 0.004051172385814095, 0.5630349686325418
0.17440552836325374, 0.503391395251338, 3.7175411882793226, 3.7944331980235795, 1.9216501387925748
3.7867575783791847, 3.273550440753596, 3.1144709365844396, 2.989127803212784, 0.7506183406783955
2.1955090444111214, 1.6955169224353792, 3.799152190391552, 0.6953341522672658, 0.6794353742386985
2.6354470145520597, 0.6296071582939313, 0.440214691807443, 2.0156927893200263, 3.186643884880032
2.4201826865881304, 3.019015891392158, 1.0630341265022087, 1.1398513321171735, 1.7148145669260981
3.963391537062852, 2.8716730260980357, 3.785015829151593, 2.151481822945632, 2.218239406285587
3.9603613419015358, 0.7599531026355231, 3.130361748686325, 3.1660552961143025, 3.378966510472523
3.0002108368677307, 0.6213320727541882, 2.644510528486696, 3.6948127383449054, 2.2531406099839377
1.4437660415211488, 3.798080594431435, 2.246394601834687, 1.6465455781419673, 2.4565339922451077
3.2165000665258123, 0.9132083624546019, 0.06276817209191377, 2.1163795882925687, 3.765429680303234
2.7210318504127686, 2.523632000520026, 2.511260589959893, 1.98795884904687, 2.9236770789402184
0.9967777601348988, 3.567017055811872, 1.0978906209809067, 3.7797800528429355, 3.705986840128361
0.3116980961901117, 1.7927188049773441, 2.97614513974833, 1.7986162860322814, 2.035596099345662
3.227295750686871, 2.8199686437970883, 3.8320168908917727, 0.657943977132315, 3.694237144745285
3.711945010028691, 2.5389957545620874, 3.761563309188269, 1.010742349541681, 3.5271491336145897
3.093917171840761, 2.4387559988427765, 0.3625169785922502, 0.12053741492384873, 0.04387798197647408
1.0022322297927055, 3.0494096397727266, 1.5465001295689325, 3.1017869006208527, 2.502569963725699
1.5570475964873771, 3.5205865151449687, 0.15366895743278297, 1.861251960831376, 3.319409357571263
0.5072539318923734, 2.8419502460464767, 1.3124633676411266, 0.09720511430778211, 1.8948997235572436
2.08677095578134, 0.16634500269538233, 2.2636774142071228, 1.3897353518313578, 0.01797282902518793
0.7630935227062614, 0.44324268911469966, 2.1624878189296197, 0.17248065216935382, 3.712530280392317
3.38024788959349, 3.7811905749258243, 1.2592041311457338, 3.621069554247577, 3.93724969008014
3.0589257370105862, 1.100330454302334, 2.6835572165886146, 2.3826526149359197, 1.6168132086577733
1.2243914160577063, 0.2393927622709211, 0.5015298990258366, 0.5358246240204787, 1.923571458617241
2.5675735389075793, 3.056273809777923, 0.1868550398888873, 3.295039490449671, 0.1738848931638337
2.219787320232049, 2.976591399232043, 2.524885487176912, 3.798714702732008, 1.3787934124513428
2.343533420950157, 0.33119625093726546, 2.239186351729195, 3.2531952043051553, 0.8064180553019229
1.0438580014687227, 2.801622560878775, 1.015527867744253, 1.0369818960856199, 3.742061151757206
3.9941721233724583, 0.6207937227687923, 3.6006495490320014, 2.210905943894956, 0.15440456964206994
2.3420108609487413, 2.56619860268302, 0.1351827948084372, 3.0307676886344015, 3.27120056589674
0.2865729687478247, 2.5935997602647154, 1.8261899236110648, 0.9548851493676844, 1.8346815264899372
0.6375588390091287, 1.3346636269291854, 2.62082919880379, 1.9059422246074935, 2.2236803787101667
2.1737711752181212, 3.2823769604465567, 1.3735311926144504, 3.2518483631272628, 0.3199483485216299
1.7109321834904212, 1.409280466147488, 1.806322554820996, 3.334039282145066, 2.0495976019518043
3.948986585179347, 3.445842881100427, 0.47538698125208834, 1.2675661422466709, 0.09090200610754673
2.935013685378429, 0.07680321746735119, 3.5437540592991694, 0.7733714593690486, 1.6553451611218737
0.24815722402459217, 1.245019549035025, 1.5580599579713312, 0.20892389418032042, 3.070202612711453
2.8453988781023436, 1.4315344964980943, 3.340770212616284, 0.30968720937449046, 0.2160256040306887
1.4199211777490919, 3.6073653286735796, 3.0258708076425846, 2.6892707142157213, 2.2509429409829376
3.21506215493792, 1.648906772752591, 0.12275431912329937, 3.209617145781201, 0.7619737371589284
1.5506353993443471, 1.4304373889060384, 0.49346250373681366, 1.4031374758880473, 0.7083475114036593
2.4640553203395585, 2.6137374310791257, 0.05458621152649101, 1.8259034094439666, 2.216210625946865
3.486651977743134, 1.9841252409378463, 0.3218017476194093, 0.20689551638405534, 3.4484363318065747
3.1629176373396484, 3.4337917246064453, 1.048970670336384, 2.5919894431789228, 0.38287218918203925
3.306292446854485, 1.3344517457052953, 3.820588949277577, 1.8855302622361885, 0.132270787783618
3.636223510402356, 2.502128595255107, 1.1483251440474564, 0.14721557500143367, 1.5067455869224982
0.6274422390584351, 2.193121245383525, 0.5875347006487326, 0.6984571152724488, 3.683477942913032
2.560480138058574, 0.9703256470904833, 3.5155851225298784, 2.4988633194050336, 3.7823973603203327
1.9316671776348304, 3.551603335912161, 2.713775229397544, 0.17667422373371044, 0.9611619602343966
1.1263056197336043, 0.680066733545797, 0.9527478024984051, 0.9041605938560169, 3.5133749968036345
1.8515951741721164, 3.5060473252946367, 0.5519915338310613, 2.2596739462244333, 0.05387071258249421
3.7212056393519486, 0.02254845759093982, 1.5596305942078557, 3.2063438347566806, 3.999526236917937
0.07803896144527478, 3.2963419354952412, 2.040351837983632, 0.15272808215633882, 3.1084770836102122
0.44760965028408917, 2.445896749129733, 3.1133008644924187, 2.694363706912074, 1.5194972988278543
0.1057665472846403, 1.745055871249551, 3.654777934742902, 1.331693461871303, 0.9918348766129235
0.5513233352907525, 2.04100982000419, 2.1333930909749177, 0.2921929696141965, 1.6310339440735846
2.6347258195457712, 3.864202740685843, 1.7261644868762587, 1.7441413475765413, 1.8845358902740266
0.9001339649062552, 1.579350568057737, 2.5810589039678287, 1.5882368362074502, 2.3255029937332177
3.3423291519990177, 3.991870292302228, 3.5401587345178704, 1.4871865076524036, 0.08690853726963033
2.4464183980105734, 1.89820283284043, 0.9480684481943205, 0.16121639642019714, 1.2862809558908053
3.1922852513425237, 3.8564760275513583, 0.42664055628991093, 3.5105576471257987, 0.1948706848683126
2.8539032755026037, 0.10718285345269019, 1.6841987291277185, 3.48092335392505, 1.5724325905131282
3.6982572705989702, 2.852780564447831, 2.4167371231909867, 0.6455161920073267, 1.3619831345784386
1.6443846571150216, 2.3608194565299816, 3.984152640837171, 1.134838991219726, 2.0142515633259905
3.7337916305149337, 1.3816831750480336, 2.514419149089494, 3.0645261547767615, 2.5210789000605724
3.0137227193684946, 0.7827720009427863, 3.8293507473955253, 0.7075912273960254, 2.334724704166388
1.184170436266466, 2.5376921010453257, 1.164441661579462, 1.7248534272581613, 2.7288901928230205
1.0762750022161716, 2.911503529792273, 1.387510691111168, 0.528624388882486, 2.452514867692104
0.6630321154363696, 1.7223097853868063, 1.593589647517184, 0.3046753895847405, 2.8430793496082907
2.723294260437042, 3.1111800201364725, 2.1796525635185815, 2.2156671028822883, 0.6769320116331636
0.8298555959603648, 0.912997961930111, 2.1012141148911745, 3.275930329949918, 1.42789646684701
3.527487952213008, 2.9435130741607987, 2.8657885728247536, 1.340688517218608, 0.47390996821408704
3.85116192442562, 3.418442542496073, 1.6354719630903185, 3.45287276094462, 3.596868460128298
1.3698944934599466, 2.0062459697882016, 1.327159361038548, 2.7806300563985253, 3.648669254068701
3.9381764155566454, 2.975116299256052, 1.220969415740265, 3.521973160351035, 3.970478516178327
1.3861046549756844, 3.7948494097969907, 2.0461856218027625, 3.85854176909033, 3.9834239603966055
3.251768383315586, 2.733748196757404, 0.6160578771724166, 0.019669132932783384, 2.381883401693444
2.8178396219322144, 3.7421521807160407, 2.068479600751815, 2.7873864108110156, 2.589423885884007
0.8196804999049268, 2.5772003711203206, 3.9268848453000804, 0.4447398265206597, 2.7541729727959523
2.4572204699706215, 1.5034188951664271, 3.173391015411051, 0.04194343433971692, 3.569646488492683
3.2694558120508006, 1.9228193258748552, 0.43255661952419855, 1.810514222654537, 2.337011596461548
1.015533914164969, 1.946125859382383, 3.102915055415501, 3.6909271824075898, 2.2465801105389263
3.3089671401583294, 0.31173285187840394, 3.425472185253861, 3.6832582618576835, 0.6720055051380847
3.3099494470122903, 3.3982646813039525, 3.5146354733030516, 2.068558079269569, 2.433016975541374
0.8323329817707963, 2.832526197542818, 1.6200692136325707, 0.08467634282822178, 0.5370684540170205
1.5528721264402563, 3.540719224243244, 2.2597691730753446, 3.665028136224988, 3.7179353774292383
0.34717996847799926, 2.3528616549130756, 1.3381121526090962, 2.0271804891054743, 1.8220992099972375
1.9197730904818453, 0.40722323264753335, 3.3326403351873224, 1.9611198470232543, 2.5799502251771336
1.890715010920374, 0.7240735062888453, 2.1640023399687465, 0.6381589562432053, 3.4087170245903335
3.3264161025525794, 0.5745551126277726, 0.27537581212573015, 0.2739676677617995, 1.5729760994350985
3.812165749370527, 2.2245616642308654, 1.0621062958923555, 0.9185953084967151, 0.4434927790371681
0.5642848419983042, 3.247453066532276, 0.5545338588487296, 3.4562462287160303, 3.2919922967417765
0.5472352083472884, 2.2348990797550363, 0.02822107175181987, 3.4481445373401995, 2.2331084817584568
3.0213615775621756, 1.9613813076650337, 2.761687997193471, 3.7249564967442166, 2.2381832405114332
3.498821907640232, 1.3721817693884848, 0.390130182675688, 0.020578570416243558, 0.9066011159938885
3.354347347743458, 1.2459818504588855, 0.8984645905784387, 1.9825216935534815, 3.787616489973831
2.0359137930427997, 1.3634866503377552, 0.3100071640242823, 2.2946677333799954, 0.9050279181887424
1.4699965108505522, 1.5246494668940227, 3.032737348838948, 0.926515379187546, 3.7435689031872634
2.9695522718502185, 1.9244781631232764, 3.5218979651203544, 1.4366719211011705, 1.5373594943409108
0.51747652385093, 3.114224377854461, 1.6047706113773277, 2.001012112756088, 1.883874661584124
2.6247272702843087, 1.4957537243413768, 3.6634453045949686, 1.7276890360537722, 1.4368559113949408
1.6035122206009618, 3.065182885955854, 3.9722263599367573, 3.466058585205335, 1.9189099938749923
1.1654373741336919, 1.7839482174595038, 1.3760622123742565, 0.9741282088554439, 0.7477636614337984
3.823502938094604, 1.9972207614391118, 0.4398994946809207, 1.5356264405045166, 1.5548676688915029
2.054138107948773, 3.9201652984547755, 3.906533986296191, 2.263576442852593, 2.472366101165276
2.702516299464947, 2.0088887307407126, 1.9467122326092858, 1.2580957567071365, 2.7356869578850644
0.3675811133314988, 1.2685809848984597, 3.563914237910453, 0.9095126039018098, 3.8703295120999575
3.9366788878628505, 2.301530652384945, 0.16174392123528802, 0.37391278932877325, 0.8012065507599697
1.3072462731174106, 0.4524328464514977, 3.1888430922820734, 1.4566182800609626, 0.9349347934986891
0.17477548146523292, 1.5306874374919222, 0.01802692203688938, 0.46596580211834926, 2.41858204024669
3.7397816453124424, 0.7974636877049317, 2.9642448266175516, 0.7908220841814897, 0.0059807753628695615
3.5861521846472093, 3.3844349508048275, 0.2671148639002978, 0.7085411526554779, 0.9372037120744499
3.713285458547622, 1.5277163825835256, 3.229527026425893, 1.7432541313798309, 1.5249786667843392
3.061392219102246, 2.463043986396102, 1.07727077688434, 2.3312423928698522, 2.8154113998253973
3.308312366525098, 2.7087163166377617, 2.562988285254791, 2.3836093699047214, 0.36820379649753177
3.780756238199978, 2.859367641910533, 1.0914845175782362, 2.7694027764170532, 2.483269744280322
2.6354057829351514, 1.5156358840193982, 2.2927034192046896, 2.6401089227061547, 0.8066242760769176
2.0320486575475374, 0.48136662124389984, 0.42212199250238625, 3.6442423008266376, 0.4981888982354663
3.5730678870585706, 1.879196798165919, 1.8196104630164713, 1.359261278178744, 1.6648708657751805
1.5089295231863824, 2.2599317880105914, 1.3423732763555427, 3.287903453805216, 0.9342470006287602
0.9938804909899428, 1.92220618650973, 3.7403251352990234, 0.09566269657011617, 2.89365446233831
0.024026350750440795, 1.6194408523611745, 3.056828998782069, 1.784316486834988, 1.717955715687855
1.0128673159251211, 1.9003825527725335, 0.9130379987033868, 1.1340851593010761, 2.61317424434976
2.3977882245740396, 3.7181820615770897, 3.87547632549941, 2.0895207728296343, 0.350226050245964
1.1996123770704696, 2.0712195822865795, 2.692651573501704, 3.784788997739462, 0.6204297346714402
0.1467388073933229, 3.4801427311237445, 3.2206574726210557, 3.062993106247055, 1.8744030711143864
2.711122816432473, 1.6458768992453696, 0.7682066311690536, 1.5635750605801757, 3.1481863840850433
3.207422488098226, 3.8445378642965484, 3.550668500657083, 2.7283381470980226, 2.083648091186379
2.8957080938831417, 0.7328143572571997, 3.692338125192459, 2.850306297877856, 2.3779422218410478
1.7361668691679353, 2.534166356585464, 2.4707149116231304, 3.5954165060282692, 2.282945243382645
0.8535086094756057, 1.7655174443992068, 0.9718740429806103, 3.619800675033584, 3.374103257587178
2.223276458117379, 0.7855662703667399, 0.17416805214478792, 0.5366778148069895, 1.7728771231817153
2.6968163135639647, 0.8959924179563288, 2.7380813988761363, 3.44779753582635, 3.0289643262541843
1.702109900850259, 2.5829116294999594, 3.953469731998218, 3.5416464115090625, 1.352598026199034
2.7417882142110526, 0.6528451255750127, 2.2294738842021786, 1.4261358594151106, 1.7525852737074423
1.755595415533307, 2.652931759283753, 3.3839840290501475, 1.8742873688734534, 0.5863391524485997
3.0166170928864706, 3.00657204257757, 3.815380958807531, 1.5762240275952388, 1.8555160375760238
2.162382966578602, 3.56849358582128, 2.8168660714210008, 0.08511249441320112, 0.8292907502522548
3.415579390893492, 2.341895269441953, 3.495633864126248, 1.6455965501321521, 0.8418715486937316
0.016562907716282105, 3.984203835390915, 0.545526132906665, 2.57187506277647, 1.9588356408069099
1.5205975635026348, 2.148808600486674, 0.3131342412485605, 3.880136809661426, 1.9709477648820561
0.06115806710590466, 1.6773737256828976, 3.02880762100254, 1.2483346785221463, 2.98008963534936
3.069450879350144, 0.9564828757603405, 3.8718899448382333, 0.11155499779866584, 3.4544219362240476
2.0505964865539044, 0.6135179539248896, 1.0335717830117193, 2.3740691675887384, 1.1138286554226662
3.3536843055786174, 0.8781140560721568, 1.5362451894872975, 2.0272526719391446, 1.3590918549390585
3.296571212715841, 1.0555288176414108, 0.35590869319467444, 0.6191407536130002, 2.5077818210178684
2.2542506004881844, 0.2531932877069316, 3.9721966542993203, 1.9177625308841262, 1.2777488048533026
2.9166496059943663, 0.09716743578308717, 1.7369965793834643, 2.6576553563981, 3.8485448996299394
3.0465511125844973, 3.5406368384099642, 0.47562362866100427, 1.7190824224913164, 0.12716170040728247
1.0879767913867826, 1.5371874605247235, 1.375284322846818, 1.4949631874614062, 3.2123200189220245
0.7581745310144008, 3.297982440642066, 2.167684348213839, 1.3549805139121998, 2.2089430693970247
0.6456933292161424, 1.9818189984411587, 0.08781318775283475, 3.451900311048566, 1.3263241391679088
1.3761717973878849, 3.9806079894102417, 2.4538229275119403, 1.6706147776635474, 3.1626268851111496
0.2706588283635174, 2.282016816860158, 2.0828038476431994, 3.4449126720128285, 2.344801370151688
1.9410896609621968, 2.080903435964484, 3.127589232426632, 1.3892831831221542, 2.2311576556068142
2.829561090974965, 3.9822218172905153, 2.7747367818165496, 3.8474846848891313, 1.5961306453169946
2.435123971056406, 2.981179429262409, 1.3936637985098832, 1.0766997552144217, 3.891332444387246
1.3941358916115707, 3.9996107085727903, 3.4090839386222584, 0.8642724593201261, 3.312876889518952
3.934508506311904, 1.107280896934805, 2.6578176550920483, 3.078356891884105, 0.3331279951419539
3.2773272194886633, 1.2334429285594153, 2.8255271846663566, 3.800552884437685, 0.14043608559874077
2.4468515221512357, 1.1696185112997468, 0.45863515634782814, 2.8474192105324714, 3.9161862492981143
2.050842003663559, 1.3853768368085588, 1.796358379391088, 1.6584715396979188, 2.127607638582111
1.6367033458563136, 0.32148985843570754, 3.917710943906264, 3.9868291116991816, 0.696538218753544
0.9641598650313665, 1.7478251657972104, 2.794931748113999, 0.1253797418744944, 3.3419902029103317
2.5537334932583824, 1.0771742485813416, 3.4834688596677688, 2.644836852345275, 1.267697125008929
2.191383977338427, 3.9169502343962903, 0.19373186776870144, 2.833848066592595, 3.397654440650953
2.7692673956336105, 0.5600736516586498, 2.3885984139468595, 3.143820982832136, 1.674383648660065
2.329713112874027, 1.0138718173147292, 1.2509942028083492, 3.2342805723188772, 1.9579925504143336
1.7952469500382655, 0.49153534840507396, 1.4978835931281966, 2.082884223797447, 0.9240493388833806
3.2317422472631887, 1.5348028251709724, 0.9539591694206337, 1.233189973188086, 3.297854130942175
3.6165739038193245, 3.841191394259603, 0.06077631990660359, 3.0155765224150946, 2.1019361440510935
0.4982403077881208, 0.9861343055913778, 1.1267633220121596, 1.6168667504639758, 1.8828850894386808
3.7471554257538062, 0.23342022789216843, 2.836677220073861, 3.4164243794749383, 1.4291996718187088
0.9968687937006466, 0.8852339625039423, 1.2033567067643882, 0.5811919625485023, 2.206711947409071
1.0015980167439409, 0.10900614205746484, 0.9305337328967438, 3.2825284219315702, 1.669480887807822
3.5341450186142356, 3.77446252575052, 0.9733933138328412, 2.2398898043876954, 3.5242676387211382
2.325681349075092, 0.6720011456306891, 0.9918129898314243, 3.9504993192538493, 1.1975474595607158
3.4708119289723967, 3.180049351122925, 2.9679388112138145, 2.8877690273785017, 3.15992745473469
3.389630740874559, 0.24946574604633476, 0.671239298016316, 2.022117298480971, 0.8499581034424235
2.1328720905223997, 1.9727293581675251, 0.5070857958735471, 0.34384460845020204, 0.04661118683584409
3.3001445202173985, 0.326966673450094, 3.8462613149546687, 3.9353274179407927, 2.9827857731541174
1.8015331230789116, 1.1031538541521342, 1.6498096875244674, 1.3811730641674198, 1.5851805585102494
2.904783131975983, 3.5701048303261924, 0.6308601077208369, 0.9706823152533071, 0.8395876246095795
0.18138396029490655, 3.416802318503267, 2.045102173361411, 0.26813911477096175, 1.78502104428375
1.8024431678694386, 3.1118238239584213, 3.045589794561359, 0.5379559576458384, 2.5075024628679676
2.038745173488695, 0.053967106293608236, 0.5909433171510874, 2.667393695055826, 1.4681032249240062
3.8547415821955613, 2.0070014489190964, 2.753132678672914, 0.5344705588371159, 1.9177938344154781
2.936485884643787, 3.3339267031975934, 0.7984297158886347, 1.5876268845610966, 1.8941080362027791
1.761489574292963, 1.9017666822290757, 1.1836009006966002, 3.2348829716736707, 3.6523117819988005
1.3960029141057824, 2.5514402867284716, 1.5228236733633826, 2.315007966794699, 2.7821557788648343
2.0060651093096813, 2.698328280892361, 3.028582977196866, 3.3731825421822346, 0.7552395591534351
0.8655395884858752, 2.0574854066196235, 2.0386280757267863, 3.230901974361067, 2.069533489840849
3.6002098778406326, 3.110411343314416, 2.0252632449923422, 3.305304486974135, 1.9034238432964297
1.3668606358460842, 1.7336937577024458, 1.8248320492016479, 2.6021278061486735, 0.20862837998442796
2.9180347083307563, 3.8729311006364777, 1.835270276408623, 0.27508917505379227, 0.8050255357381597
0.41285615729338865, 1.0254146450459203, 3.1756284220002664, 0.004197741313606507, 3.4943173294241068
3.758188602206944, 0.7400123363182995, 0.6943457396988362, 3.8630518514301744, 1.4415206196724708
3.247105218996831, 0.03604271037875284, 3.9631663160522517, 0.06596082510504031, 2.4302823816679044
3.7138014187657262, 3.325043435995294, 1.2416102278921706, 3.2883216511051976, 1.5721905476811369
1.9992256682616159, 1.453112001962665, 1.4188722696248144, 2.328300906179435, 3.12827194080773
2.797964514038974, 3.0723118237313813, 0.05709307175501399, 2.1267735741300235, 1.4111544113865122