-0.08736685371334399, -0.010477099054477641, -0.15902520674498768, -0.03436665644902746
0.02197847361502453, -0.18277906277061942, -0.041836704887922675, -0.1629117875207239
-0.048399696454688966, 0.11817376507322669, -0.08015195480809575, 0.009281293108681555
-0.10997544207842326, -0.007672700386225782, 0.12824277874066148, -0.0020212579971339486
-0.0792655328588944, -0.017379759924263775, -0.06742967252408716, -0.0831170892900142
-0.17598721680022503, 0.027339224298982123, -0.08459094970514797, 0.08582113772049645
-0.05780412502027819, 0.7536793108413795, -0.13490798221112857, 0.12822221203852527
-0.0774038520196066, -0.03354224760691534, -0.047528881280276186, -0.09128316023854506
-0.04016216912655429, -0.06303636431493213, 0.08331699608231014, 0.9948187835092862
0.04108462118732396, -0.19065558206094652, -0.07793983885794006, 0.10201382523686324
0.9999656268650999, -0.012997269645812205, -0.09132509957396626, 0.024940186876830268
-0.19833508777889253, -0.09127083917770082, 0.28101007317860316, 0.10519456352612913
0.04754620409276616, -0.03262611661476591, -0.061391877064706855, -0.10804687528737608
0.8381704426036487, -0.1916869391894674, 0.015607082488464933, -0.06375267948211796
0.7150876554753359, 0.08669790205619265, 0.05847089274809946, 0.08161664512867658
-0.07077417938506392, 0.07141623674256771, -0.03624020696695089, 0.1270026759478088
0.12075400790095267, -0.11400965266327905, 0.12486153426906808, -0.20514957935620534
0.11249875908288347, -0.13303902863499056, 0.2899638164206167, 0.30424716530156476
0.1283346186529839, 0.11172056602155458, -0.04853885788738897, 0.8007726342469162
-0.010021537305921356, -0.09073958491933251, -0.07073759569846184, -0.08667090052088931
-0.08486918077801989, -0.07094473724248503, 0.07188562435153284, -0.19911962784504525
0.06011794583090375, -0.09140047336633446, -0.06856622072097691, -0.08890346941052944
-0.08610541183541143, 0.12193765366763677, -0.04944853469781512, 0.11562212153184148
-0.1027996598443042, 0.1088974373315745, -0.0037548327592760193, -0.07500854476813602
-0.05195376287467059, 0.8307448130097953, 0.1283350178523519, -0.027732538096400805
0.12601982232018377, -0.08758696991703835, 0.02861922463257491, 0.025078014259947743
0.6760535213183018, 0.1309338033688502, -0.05321917346292996, -0.20603494899772654
-0.07185900755079777, 0.754100682099722, 0.5242493446716096, 0.06971577501963377
0.9470115965449756, 0.11101281872314164, -0.0791162217735014, 0.062065063604267355
0.08953756187099497, 0.9813472682969836, 0.12433071166295967, 0.1276503852534318
0.11274363024129098, -0.19920864536584953, -0.21459210165440487, -0.01967256722739866
0.9655063836550514, 0.9877245483810067, -0.03894756431347966, 0.31371614309143325
0.6422349281786593, 0.17965222343564097, -0.05916528604667915, -0.060454366089711394
0.9863951388955898, -0.1504018121056666, 0.7500751266897346, -0.03806641454386321
0.12915773040562917, 0.11836903198406903, -0.21631259523125151, 0.33891459664497275
0.007217982875709859, 0.9596844609509082, 0.7526886648613739, -0.011861590340988312
0.23723465553596979, -0.21721714740221343, 0.024929161650447174, -0.08502112477668493
-0.07402491957697391, 0.3983838913440705, 0.09773105183024842, -0.03359852820802265
0.9136376976375596, 0.09415210464378178, -0.08770091601606407, -0.2131325393408255
-0.00274178480942819, 0.125051929886269, -0.11929279579759423, 0.3688688689258631
-0.058896619888619786, -0.17575781988444222, 0.10673831540660227, 0.016876517025072334
-0.17826385936513708, -0.21723056433051696, -0.08473243675415167, -0.0037167081081891915
0.09794950667314048, 0.9959344265352583, 0.011340587187073448, -0.2088947010832799
0.9459406276234004, -0.10721093091625317, 0.040995678393286605, -0.046381182555138914
-0.2167381689671849, -0.12666387429237266, -0.21718836123597024, -0.052002754465022435
0.12480852601382711, 0.1279725468838504, 0.0465624832370459, -0.20234969109761253
-0.1689424459918746, 0.11588407455062563, 0.9999388555727861, 0.27439221248541523
-0.20766660526818473, 0.04407752302349776, 0.1233346234766116, -0.2099412968638758
-0.09090040998982553, 0.1058181457788148, -0.16896046555374727, -0.18632271169544726
0.06451998289601502, -0.1628853505062399, 0.10728183749575468, 0.9433922242743893
-0.11328725408534206, -0.03551429966225144, 0.46267918852205864, 0.05122456213310954
-0.02602301068543871, 0.09884154800839608, -0.007254184326310468, -0.08947312042648364
-0.010944876568619744, -0.1793144005735762, -0.06888286889650634, -0.0664672939276485
-0.0909439824231532, -0.0691882724931632, 0.29741384222912176, -0.0005799715941335464
0.12504838801255078, 0.826468323476081, 0.03316495189136073, -0.013293554008285344
-0.18690498922142704, 0.0917464400896068, -0.1859998819171911, 0.164905849660774
0.04428310583283927, 0.9998537227907524, -0.07659863752798834, 0.05252303148377958
0.7666744022616814, 0.6672959451064735, 0.116911263824278, -0.09107278342365592
-0.10457207194688431, -0.021690771393008165, 0.7560170968946652, -0.08994382873150313
-0.19319092257563725, 0.8347213334592742, -0.08852295643475495, -0.09786977154084363
-0.05095245697829841, -0.09103201798087214, 0.5931048158547327, 0.03960189424251711
0.11591720965957898, -0.2152994448436624, -0.09120194903374906, -0.09988927446795738
0.9909445182774201, 0.9570462128309326, 0.08909783387712907, 0.09539504071010615
-0.05235894850780782, -0.05924950870314992, -0.07920755661669808, 0.9542059946514833
0.0011548783180038056, 0.06515701530604658, 0.11269390246583502, 0.05089324248348621
-0.08286321538104141, 0.12206893499388893, -0.21355014741561473, 0.06786946522551074
0.19347032590549154, 0.12047380658315944, 0.9979179448557735, 0.49899790733841387
-0.2068142587094354, -0.04813192456853079, 0.04270613280080808, -0.210621692744497
0.12803793126704455, 0.9559138879757161, 0.42887711946293566, -0.018260895932135958
-0.13098762664250838, -0.19536583972808555, 0.08302849238478519, -0.14071332586013008
-0.04530475812454494, 0.042824244270934154, 0.939828752002375, 0.3428871365404587
0.0434552066491927, 0.8729803204813262, -0.1851421510595045, -0.2020733340112967
-0.16846954026414915, 0.7595066724740277, -0.07985974661949354, -0.0538717833003272
-0.08605708118956919, -0.023988846973154048, -0.213827853225884, -0.04315206223897763
0.06732645975684655, -0.148792273339665, -0.15998707116742253, 0.02062720045413016
-0.08634223308778123, -0.07323747951999053, 0.12693963163978797, -0.21187830560249254
-0.025661190154218055, 0.12266856546887299, 0.889768995655806, 0.8217176917007287
0.000173934459305933, 0.9044314415648188, 0.998378534700579, -0.19645410975201744
0.03626874735037993, -0.10688859886742981, -0.023213259695342114, 0.11913477427232462
0.09091338436573275, -0.15486321572255823, -0.21529039592912064, -0.011634804158346002
-0.04170808293437097, -0.0342032638037565, -0.14036884710578454, -0.2172182986422607
0.8960786624342084, -0.09120103728704715, 0.06429935086243709, -0.08272147303286297
-0.10066387183265046, 0.09341085141909386, 0.6672641876437688, -0.1917056449681853
0.19658501362781478, 0.953997438158941, -0.05106562300995925, 0.1531817066468361
0.524270915206149, 0.24448819021230495, -0.2103518377435878, 0.08017669732750861
0.49730745736149423, -0.011401018683908018, -0.017173671502518466, 0.5132085561175884
-0.18144707956154987, 0.09024527139152573, -0.09061987804344525, -0.009268204897186019
-0.07494201318549533, -0.1949207515047313, -0.0031277705969081724, -0.0027140321660131905
0.10021807393614382, 0.22351944815890729, 0.128121340034892, 0.13910138118156928
-0.21191379628622642, -0.03747085075661594, -0.08451906424458147, -0.0734601250534872
0.967218144181941, 0.5133986795198875, -0.026756796654995876, -0.04224419237661297
-0.0866239484113493, 0.11788822964642118, 0.0432000651080606, -0.06479256982872841
0.8880671382804605, 0.8218226750441842, -0.09131529243089402, 0.9596093476127259
0.10886528591660036, 0.9571113410065231, 0.9938622932554017, -0.08720620311895318
-0.20419610545790276, 0.4462462210738952, 0.5109487295458577, 0.11215565288976205
-0.031584924403065595, 0.009893875316304545, -0.08360825429247164, 0.004832969261280702
0.11101829799683935, 0.09168706678036481, -0.0631085064481422, -0.010336757923443317
-0.009535394885344366, 0.004061601054325474, -0.08136439682510176, 0.2023379122520001
0.06398508457462536, 0.12569530735510204, -0.07846285769987049, -0.03657863337460242
-0.04961186800565156, -0.20182635913978073, 0.12004416974004194, -0.08936645827190261
-0.056625845662528373, 0.11147258796919003, 0.9999984752174254, 0.3299564438797087
0.013513261285437051, -0.01751581940125303, 0.8904595554803058, -0.09087976968459827
-0.05545314930711672, -0.16186706230372072, -0.17840689807317636, -0.06728315724078886
0.9010608183751659, 0.12165249726044018, 0.6247496366961741, -0.12456145925578233
-0.08091865141040126, 0.9208047888617958, 0.9663607133031387, -0.1634701337224659
-0.016580291725487896, -0.09118533948201746, 0.044464497157104, 0.09683798957117067
0.49709336328806086, -0.01341060742389479, -0.17393337701257044, 0.12828394715517266
-0.2035812314237801, 0.9427884430922101, -0.060451255330664, 0.49712606441535795
0.9724896125368875, 0.1283038817127676, 0.12607429025521896, 0.7327156406882186
0.08391074460492971, -0.21515395850004404, -0.2063905918554799, -0.03340616202049178
-0.019694223738708234, -0.09001721674346257, 0.12815563786257272, -0.06825884265937923
0.12532046873391617, -0.21034761642910982, 0.6400592912860822, 0.08742822192411841
0.12784171262341124, -0.047014924427822784, 0.6258364459917757, -0.07811782886324331
-0.05784750695746204, -0.0750424486237991, -0.09115887992602893, 0.08908737383785507
-0.06745703296501529, 0.03627520012378498, -0.0436981111414118, 0.29137644471771584
-0.03995516617432201, -0.1148226330085561, -0.008734416770259854, -0.09274363482860744
-0.048064141589115976, 0.8571661637858999, 0.9483704339766357, -0.06260743732872348
-0.02831406513166, -0.08361683974399582, -0.053865696960657544, 0.10351475310079704
0.1092085610361939, 0.15276329582557568, 0.7853846841237285, -0.07435685998340201
-0.08819889276931855, -0.03686410832604396, 0.06868647173949138, -0.1597907659356426
-0.16692548156316384, 0.6940815668820585, -0.14978618480255468, 0.10370467274966967
-0.07108428838705182, -0.061437254114797064, -0.16702653957927543, 0.7603506442207465
-0.03032321383536709, 0.02127065643619161, 0.9753772493710706, -0.11055877290332516
0.08308283437714147, 0.9762712724313268, -0.07350437882481811, -0.03778327523987972
0.03725130320579141, 0.8453824780451816, 0.8748108382518196, -0.2171854195475794
0.9774400311146205, -0.21559304703958965, 0.9973889421894666, -0.02589824834629123
-0.07408679532398205, 0.874166508609461, -0.08668973064381122, 0.19278973504040015
0.20907301113086063, 0.09662358890958596, -0.059395110916395114, 0.6458158834207285
0.9986420220945215, -0.21499485225714093, 0.9840845462595842, 0.12736999504185978
-0.09079548775972984, 0.3028371813178202, 0.6991716092860074, -0.21421095896627046
-0.040723321901360035, 0.610109039535389, -0.03362755573322456, -0.21686355967644685
-0.05521123784247684, -0.13881523833249632, -0.06032589022318337, -0.04169421247373169
0.12396294936261663, 0.318718153820742, -0.00708896431250102, 0.7451727313558163
0.1164514744877255, 0.46969213809338006, -0.08507379644810513, -0.05308363116259949
-0.06247380388076214, -0.1855575761185723, 0.02945019995027511, -0.006432193733257907
-0.13489260800849578, -0.1603301134566545, 0.9446319952280106, 0.5993089893132778
0.9889228525404187, 0.8476875421489846, 0.8647848098373926, -0.15959063596342563
0.08606197817084973, 0.012284358790458855, 0.5461487018261209, -0.15630787928963133
0.1235222858819589, 0.8221697968914966, -0.11436303544290824, -0.21494640962395045
-0.05019781864477521, 0.9141982180667089, -0.17761468440775466, -0.1645033963479978
0.029590353761059927, -0.19253697282563087, 0.21319067402322117, -0.1404810706086303
-0.06045477435485825, -0.048993651643551156, -0.05513100113829365, -0.095522455709784
0.09519277898872716, 0.08104095213682194, -0.05428611544197613, -0.11166740341836058
-0.1907123379524998, -0.022792711050495063, -0.1394599976707752, 0.00823570778680503
-0.09690823987766015, -0.06034398792195228, 0.5446279463784923, -0.07824878295280374
0.12337643490487459, -0.03432619585240046, 0.2149962931289352, 0.999910590597592
0.06807864708483173, 0.12821475556431464, 0.9984090880550848, -0.15273970408881868
-0.024022387009590647, 0.12637676437322698, 0.0785302205939904, 0.47068573672498654
0.058816233665579004, -0.05929890495634227, 0.09209997784204714, -0.013238992683686675
0.07528416790186805, -0.015682047789306344, -0.10488325343666016, -0.01613550668448558
0.6576782573786534, -0.08950864532138068, 0.957288061828113, -0.025599985293740263
0.048728919620837016, 0.11698704685894855, -0.19372595581480656, 0.7476672091132681
-0.010322784919046124, -0.11441486448587916, -0.006910682947993269, -0.0797966587900418
0.12451787849533123, 0.9672497913547838, -0.050844891116416026, -0.16749935754971307
-0.2117068228937223, 0.05557820885568413, 0.003826303735135131, -0.0730465441730459
0.43055293912886594, -0.16829966308194794, -0.1314033962115956, 0.03776086184782249
0.11111117441864561, 0.12684368179137812, 0.057528342873992805, -0.174432447674166
0.12448878169483633, -0.18481999798530682, -0.035889397133732966, -0.04660078924938797
-0.13788148256760702, -0.21385795983696704, 0.12640721957280163, 0.4660490697583403
0.07050264510459994, -0.20795030225308342, 0.12257553265840478, 0.560828066657493
0.10191644577809253, -0.21702018394222478, -0.056699837797217344, -0.16786611249184316
-0.04815014320940843, 0.07335404782206786, -0.18909881668944564, 0.11505580414378216
0.9072453143680791, -0.1563172880170271, 0.006424255300236761, 0.9292695858499829
0.12796422456685275, 0.9829115267822786, -0.05910050967507939, -0.0882650663910492
0.997312005593402, 0.04996450489072848, 0.8877488244325311, -0.09132249503526206
0.08322101014664646, 0.010826064764067576, 0.10121859615367795, 0.99891441411671
0.9559668380874641, 0.12799749659665896, -0.00031497277832299086, -0.09111396168231285
0.0672134352256167, 0.031062147415406822, 0.10137735917884425, -0.002147144193707064
-0.12678612455609659, 0.7319398574949916, -0.08147221686929698, -0.20380084725546657
0.404789773410069, -0.15711710091399847, -0.08526587741384323, -0.13284649729042186
-0.10940922960691632, 0.055527998583540225, 0.04539119386773867, 0.6149479706252319
-0.07890652400347202, -0.11572483468478381, -0.04783133124867439, -0.20153229899223835
-0.06461356295994479, -0.2008887298266245, 0.1323860201102919, 0.2538213809051709
-0.057922618464296895, 0.12012771408982525, 0.9360112135358138, -0.2020372792301686
0.0677852979125788, 0.8217673600500841, 0.3041054763565943, 0.9166838645501388
0.12303590194604126, 0.3767686527135587, 0.1282136444390688, 0.1283231513950742
0.060579796691238384, 0.023572395443392076, -0.11729097546937178, -0.09064773402711115
-0.21688295920097647, -0.08689287876103843, 0.125467440520171, 0.031027777803934658
-0.04327669147240752, -0.04491154455531291, -0.06611201070703017, -0.06277628236061976
0.11652958737037136, -0.01993708353360179, 0.06161306598835259, 0.15552118853799243
-0.05930300841308451, 0.9502517778584877, 0.43437355839837033, 0.9996049432143272
0.11323316028797072, 0.5561735363923784, -0.04499202847773896, 0.0896291709763943
-0.02953100897781695, -0.19340233016378797, -0.07210115055602169, -0.09638029846528208
-0.21145909324166492, 0.7462719983899603, -0.08970261133583168, -0.05342594903335315
-0.1955245594807709, -0.0921775047634699, -0.19826247809616657, 0.9782689478199587
0.9490249970287773, -0.21515503290240348, 0.18461810618504157, 0.046001954093980245
0.298574688835245, 0.22543693743984922, 0.09770419102550679, 0.01946557301936286
-0.17961002458598735, -0.0908923199513689, -0.018208303253166996, -0.21396918093025483
0.05073106260222295, 0.9486841706422057, -0.0626915152312189, 0.8678590062848403
-0.08139664288335262, 0.03445508265667145, 0.9417427022575239, -0.06643149514640789
-0.021309832599829857, -0.08227276278192443, 0.6711659270546045, 0.8342143272342109
0.7624876816617274, -0.020046807439084553, -0.16957071860638787, -0.07353591205903735
-0.12256359638848274, 0.8505705914383482, -0.1480853032666108, -0.0063920958798977376
-0.08058552800725023, 0.9597390920959818, 0.33852631149692575, -0.020326698570687935
0.620817155016801, -0.09124352427274837, -0.06247152144747754, -0.19104631106154513
-0.1336488885714828, 0.09386916591687107, -0.1202756879656336, 0.07258845506498698
0.22770376025578223, -0.148382360209922, -0.1203320748928357, 0.12733334961762496
0.06515329461836118, -0.041967811571176176, 0.07788827400732386, 0.6681584228761887
-0.04149804166363607, 0.7617310173535492, 0.02317328333300625, 0.004929202013450785
-0.11766031235873063, 0.018810014011658598, 0.10940299460668299, 0.010869850019165848
0.029477548498920397, -0.09078552750164469, 0.6528479687240856, 0.11938707898756289
0.6705682649365625, 0.017174641532912992, -0.21720334090852092, 0.09549631419457336
0.06242075943602775, 0.10860090767191448, 0.12565706719730238, -0.0819147035102508
0.04097123877311561, 0.034731534548727364, 0.09573484804179914, 0.06969531682013057
0.1264892852836237, -0.1238711996643082, 0.38766335578325145, -0.06704691475310973
0.08906554310399425, -0.20138922852027888, 0.11946901179193412, 0.9832563710395209
0.6118442599179674, -0.19447578083453593, -0.024463212645324545, 0.020459978933692488
0.8530980066966501, -0.01954304755787337, -0.039199236078577275, -0.031495229055363616
0.1071018884650801, 0.0721350369330319, 0.1652376681179497, 0.023615999966311533
-0.07205177941629144, -0.013080187723030361, -0.21694146150353621, 0.12255856704158448
0.12635745710911675, -0.08373409677048746, 0.7200135761270362, -0.08299743757244177
0.049297606567539724, -0.21721511417234335, -0.09246972734138953, 0.9958033206900453
0.13280095930945363, 0.11456412829250921, 0.1084031590733311, -0.010707805325078187
-0.0462000544714833, -0.03930524241550953, -0.18245718327278418, -0.08842801533107186
-0.035260672631659905, 0.12725651959484785, 0.06250364789110383, -0.07591946737861746
-0.043566451590108406, -0.20583228615311916, 0.9103386066703106, 0.9618615924404132
0.03193266579319459, -0.03831377060826268, -0.2135829955570427, -0.12148192216744882
0.0328336654901101, 0.11081931292531078, -0.03875119392465854, 0.09876192216168264
-0.16611663610421415, -0.21720819823915746, 0.07026616533221937, 0.0239527531621344
0.497949378682379, 0.987324915033648, 0.126669899224473, 0.984194027677285
0.9476340987513384, 0.10564480843390261, 0.11377574688874223, 0.8874608912680234
0.9006074295858705, -0.02812308604402481, -0.15551986358632144, -0.08703937870516341
0.15008522023790924, -0.13295401789891656, -0.21722998662599668, 0.35732176042578895
-0.2023827171483654, -0.013319548113276455, 0.0036002207010122286, -0.20698943347072524
-0.17666346642596778, -0.05184148374070546, 0.05746458635786787, 0.01941885921996692
0.08282274333736547, -0.0777993313674662, 0.9543466867110404, -0.07202277138337071
-0.17717130928470218, -0.20013222969071992, 0.999745441231046, 0.5677659041965778
-0.09131598749500151, 0.026975209753082884, 0.02378760173960197, 0.5144753133996368
-0.20365578968206124, -0.08577401538180644, -0.07522391720370726, 0.012985977944747347
0.9873385820632039, -0.06428809976945914, 0.4015646488194853, -0.04607058641358673
0.08618185926546404, 0.4044644951033259, 0.8455692997907589, -0.06768380223320379
0.12544397576473487, 0.12804116469339608, -0.08851808605175174, 0.5041661679966439
0.12669762709068055, -0.009793059996564211, -0.06379334217246503, 0.02339988663839587
0.9805464334397018, -0.06407266698939915, 0.9656487844988529, 0.8016233612579452
-0.13906779170696779, 0.500160613636726, 0.05837524030330995, -0.21718004091230345
0.019605957732682845, -0.18308117162305104, -0.07276489539327276, -0.015589463527809218
-0.19776344414956182, -0.17707665131461894, -0.08385346618688579, 0.08563294875415235
-0.02288587437544914, -0.029236354271492477, 0.10803264997008559, -0.047232098828996524
0.08259806309881813, -0.09181934761650809, 0.03881375710805174, -0.18433380108207426
-0.008050897759176993, 0.9887782486510519, 0.01353436834187079, 0.9693692518084768
0.08939078458343208, 0.11725304265861411, -0.03281512999091268, -0.1316240408302161
0.08343178221585237, 0.1972677401376238, 0.05406733896423017, -0.21195104368086568
-0.021751834971004094, -0.028348584165706667, 0.18776081989202983, 0.10373017326624882
-0.2030374787279394, -0.03164414364925352, -0.06993532596183666, 0.1199002607278989
0.040572852326275964, 0.08874271219851153, -0.2169260325264945, -0.07537216312816704
-0.08432870669229749, -0.2042590995632836, 0.0034849369189740025, 0.9978257175506251
-0.0721880224955417, 0.10253691991125327, -0.04713702574501715, -0.2166979073812486
0.12717374769869777, -0.19561842372871022, -0.04070813282668411, 0.12634688892350027
-0.012635589642978328, 0.9999730035645239, 0.5542974420750485, 0.9507112536880339
0.6322949155394753, -0.06639387241265235, -0.05048781812643422, -0.04036171565601325
-0.052194052609752836, -0.07365116889816606, -0.035967416351497326, 0.0036365400372332947
0.2992751569937139, 0.0835551541528038, -0.15342080259170932, -0.04942762892184726
0.37425583054766826, 0.39600535195322895, 0.11000958574972747, 0.4642357704100118
0.710362254848325, 0.007782154713106651, -0.05527163735028418, 0.12740979390288582
-0.006294959403215021, -0.058909636458550275, -0.11878323121884415, -0.14493381234094074
-0.009216301831154608, 0.04348647364454007, -0.05257800071678225, 0.06778045066830944
0.09085525196392649, -0.00998300045290699, 0.28677071645890034, -0.04048989377704234
-0.05010183733093621, -0.08747498216791082, -7.027401198714555e-05, 0.47553329626049673
0.10817353608386172, -0.07051312021685842, 0.10087645359972143, -0.21704037875601018
-0.04966910861394153, 0.0990544109609603, -0.17319151794383159, 0.12837062298104993
-0.06223827074449376, 0.09386707534547283, 0.9935318058315812, 0.05377296433678383
-0.05680853308681166, 0.08989346040714952, 0.12578420470348148, 0.1266737230937387
-0.0060555978689232045, 0.025855690741768415, 0.003232601048488244, -0.08726647727462535
-0.08776364303214493, -0.05372476137093418, -0.06852528151371808, 0.8476748738746176
-0.10762368653115545, 0.008007854420986518, -0.10464462877352276, 0.017450393997631188
-0.06459465174028363, 0.06049196347958866, -0.041830100412803835, 0.42544921792738105
-0.07061350711491944, -0.06743563091914433, 0.12442880636529845, -0.05762388317497734
-0.010626160589791895, -0.08991760213687167, -0.029916910558341673, 0.1281129614199641
0.7974193629858765, 0.976271086086379, 0.9968360532960617, -0.0022272397853650683
-0.016138028456218628, -0.20363363884258942, -0.03225916291932565, 0.12718905612792264
-0.20115731303757528, -0.09022485489578612, 0.9616064293305355, -0.07220726009062294
-0.08087010441139823, 0.6273529196954882, 0.05335599250116636, -0.20163964235602427
0.984529602688987, -0.05446250278741335, 0.041068369305431986, 0.9551010858816754
0.10361005578254795, -0.21543806899026752, 0.9994687338422736, 0.28257712743671176
0.7067530615586427, 0.07191825191214624, 0.9517773302966589, -0.06732750347338214
-0.08758180511003051, -0.05341692854667271, -0.18384023738271385, -0.08162274814487396
-0.01583457087132723, -0.019153702130441718, -0.08967977899515052, 0.09943336769452013
0.12461877591535747, -0.18376602211562706, -0.16846131329021458, 0.9083610374423248
0.634670455774122, 0.5902977080138698, -0.039351948451442145, 0.12119000061353244
-0.01831679233049673, 0.9435489155815587, -0.0772589349139757, 0.9510007003384677
0.09133056934086077, 0.007857143861873273, 0.12568396019724595, -0.0495262663092302
-0.21432561617765397, 0.11974316010996085, 0.8290845711735662, 0.09704608815946532
-0.06987808533818372, 0.2255255337765344, -0.04188248138756265, 0.06631255579002325
-0.01528437607879268, -0.035582832987741043, -0.061629701189565546, -0.0014590134968236821
0.4762676037420774, -0.08402076777605935, 0.08856524177797476, 0.9612423070896069
0.1195127877155565, 0.1213666901923196, 0.9702097594276096, -0.010135979857747267
-0.07323305699353037, 0.8702815385314644, 0.11746112579941624, -0.09051672015641798
0.04708834046917458, -0.08611083025682839, 0.45336413543490844, -0.2070388220791506
0.11280811250567367, -0.048634717689598865, 0.09251352613488101, 0.07602800076932699
-0.0751803540280546, -0.21369356101905873, -0.06961648939585728, 0.839917590841605
-0.1466695962132917, -0.21675561167474058, -0.10072743168058973, -0.0827874900445806
0.024100903109678246, -0.012862874971762136, -0.09104125306341083, 0.667579852276073
-0.1870918276503542, 0.9864629407282737, 0.02198824493785779, 0.9903251766523397
-0.08897554755150823, 0.26890231447574187, -0.16984352701487257, 0.9017358894477084
-0.1779329180069693, -0.20090976562561677, 0.9297307595882229, -0.022680870999697574
0.05222257429453793, -0.21723198657387643, -0.08360566505020475, 0.8495410013925023
0.924984322084666, -0.21711767445989466, -0.08326682135285793, -0.008540461959009956
0.09804782766967088, 0.1002890150320087, -0.06191775243870144, -0.17230254074678558
0.9753967745851219, -0.060690017038593475, 0.2840716532178655, -0.2026852597000263
-0.21723360697988328, 0.6449178044805172, -0.21643317830222877, 0.3564967421687929
0.12835853928636942, 0.11409142414035889, 0.9951058667057016, -0.09066498579421418
0.09022801535023464, -0.09121359427772635, -0.007997569349939277, 0.8381528127743101
0.9310598639268448, -0.09109710287334981, -0.04928905604806795, -0.09070120102314538
-0.046500557788735374, 0.11771265932401452, 0.7757218116591005, -0.0789906406012255
-0.20699283585856412, -0.04451183061025927, -0.05940946851988138, 0.9714684061366381
-0.07964390485136134, 0.12721279380482262, -0.12454256874018667, 0.9647296235319871
-0.21120912233968858, 0.4671931844767754, 0.08275400869479725, 0.5214153231361042
0.3699897358909548, -0.07245281486581728, 0.12207922012793897, 0.030537571704249023
-0.09043399920767362, 0.12738105929126603, -0.0531529089872835, -0.03510396591851461
-0.08844911138229163, 0.09182140416398733, 0.9494404921798386, 0.04030719882292104
-0.10922179994700884, 0.395140872336454, 0.04941375097192781, 0.10440392476602349
-0.09051949399435315, -0.07727744544094617, -0.09077243235391266, 0.5689820371388201
0.10258763232249132, 0.9952331448134288, -0.06570228722107099, 0.9991638711503684
-0.2005223245254456, -0.059941366595256, -0.00011845475665920204, 0.9900122844750596
-0.07746495915876696, 0.019723973951834266, 0.9620697392656735, -0.03422560779574891
0.701522339577024, 0.12826500967627463, -0.03562890337325626, 0.09679112514537933
-0.20909082448778307, 0.9817001563747915, -0.130968766578434, -0.07699925539675775
-0.2063844760536647, 0.008231438688544859, 0.5698674653940057, 0.020037366671638284
0.06071215105756988, 0.865360516319311, -0.17885477024382257, 0.11015240851916194
-0.0340860225541084, -0.13978206970291676, -0.1314018587034759, -0.059934420351074574
0.10913458577686566, -0.1953147498557689, 0.1193481292191843, -0.1927660799768169
0.1168204336632281, -0.08378937769611482, -0.0020363446936180075, -0.08919938549687514
-0.21386155485954056, 0.9876218857835476, 0.1282735560199039, -0.052718704913875654
0.054533488139247674, 0.9577919779439806, -0.19375052362138157, -0.05663721805542321
-0.035968063027302224, 0.7263581059651368, -0.0906223019553603, 0.9386945102446231
0.04941339252280962, 0.9812095708606645, -0.1582264694012194, -0.09127992294850544
-0.1972130544702463, -0.06990822283555707, 0.04978535082024502, 0.1272302083812647
0.4424731557752577, -0.2120835208802263, -0.17399896875439969, 0.12214544746728272
-0.003975955429175184, -0.11529593976059077, 0.007073000536683669, -0.06327172548637144
-0.21464582493152387, 0.12646394096824431, -0.020911921212888127, 0.12598265168304837
-0.004552001048833434, 0.25646654108668765, -0.04245926461075732, 0.3575274542869716
0.1183683442013646, -0.14699357221165354, 0.12455446062794204, -0.13502107046528591
-0.140382886020289, 0.0877647058697313, -0.07019315827436444, 0.030005394408301085
-0.2152338569185601, 0.5997145026170849, 0.12834766593397712, 0.4184770351342987
-0.1415443538826306, -0.1911722249466214, 0.8541495777191314, 0.05298528478613224
0.08928489607026803, -0.035013449218805594, 0.07811589659200374, 0.09005915574409246
0.3994335068803159, 0.19540410867568922, 0.09411062311870268, 0.047361731088146855
-0.07406992158813873, -0.2172274456126516, -0.08990073212961798, 0.019089745148113166
0.04545694012450517, -0.20830201713808283, 0.669412506499754, -0.0372545804104795
-0.0900756935471322, -0.17726634352950946, -0.09117844012432229, -0.08443003357475104
-0.2132196706345638, 0.0031130624415568295, -0.20534519895007763, 0.07279375162035043
-0.07789630444810225, -0.015600017261940574, 0.008355425779093725, -0.16678907805556373
-0.09016303115203607, -0.007424591319526683, -0.21509902288640817, -0.05039464711692162
0.02249245347612643, -0.03546619059791314, -0.004159373670420857, -0.06960090890490346
0.08642805743747295, 0.48272332409518165, 0.9993637379619369, 0.12454227982484327
0.061174202404294824, -0.06161143322562628, 0.03285146285899581, 0.07073038554729856
0.11810781750607259, 0.20840881664570948, 0.11989517957152394, -0.01845582724160023
0.7049631777036937, 0.08064456623093318, 0.12837249183943283, -0.21171180340366874
-0.05197671956362326, 0.9971086582497263, -0.08704527996653662, -0.07291964051453195
-0.0397471711235406, 0.7194240540198307, -0.09858589175795765, 0.11873502637218754
-0.015290231923819345, -0.02755078634524277, -0.032592378938546065, -0.07118689709578944
0.09910526093401788, -0.07938609664210824, 0.8476425348638118, -0.0903889539360127
-0.07248962561887246, 0.4061817621196246, -0.07952976604691683, -0.08892478391770944
-0.09047125594801848, 0.032887279691345354, 0.12794325988836447, 0.19225537025028033
0.05643493462434729, -0.18266599888165505, 0.9882473476608712, 0.5886660022811652
-0.20216015627641515, -0.08916520878925954, 0.10261218300053922, -0.07543736277139323
-0.06631983322436326, 0.813194394524251, 0.12108823742035606, -0.20777234641732403
0.013391738130764103, -0.09263098707436482, -0.04134874620262943, 0.7486917131203613
-0.08261236374713565, -0.019776224322479677, 0.11950694532597782, -0.05667200859816534
0.33511158417096765, 0.07247774982012967, 0.4525431317698106, -0.08956758537724564
-0.08181207900258881, 0.5388839232944123, 0.879847202960078, 0.881027387009097
-0.19706667467338956, -0.046462124412964996, 0.09277882857846795, -0.058104345901936964
0.0876558308744072, 0.7064543164203013, 0.5526296585165903, -0.06875263004362168
0.5656099072221211, -0.09122830852138221, -0.07677123380777029, 0.5752765947168761
0.09582172367348102, 0.9986904417767044, -0.09109112508550456, 0.09530380565031345
-0.0070648766727936345, -0.019641270254155418, 0.07845366910707884, -0.06498679579725508
0.09676160775671956, -0.09097568109438665, -0.21352126454584205, 0.7677840283575998
0.9993035528923082, 0.10154899188913365, -0.0851323067874567, -0.1783492758707124
0.11110318258708309, -0.008811769754285364, -0.05200426978820698, 0.017602732307500292
-0.2123105727972163, 0.8492447295631781, 0.11084301691437241, 0.1033882559950766
-0.21557662547195475, -0.20815010926579322, -0.0107756333250051, 0.07861026723747631
-0.06132658728314422, 0.01023767728418552, -0.038875621990214666, -0.09016642637490721
-0.21719018794420664, -0.20562528968870886, 0.6141925777699703, -0.035896145979145866
-0.18770442673817062, 0.000505799562232285, -0.060283481366910335, 0.1120818354570891
-0.21279008610863523, -0.07568312387317579, -0.13908158588771172, -0.21718764839937088
-0.18810392926620112, -0.021117264042114448, -0.006983089599930708, -0.0913146746135275
-0.041802765801358534, -0.13564792396724523, -0.11202156650445534, -0.2140054709049727
0.026529685256917773, 0.30311026459327306, -0.04383181400689223, -0.0013915353286847823
0.7107371078056259, -0.20598645320546133, -0.2016845344664057, 0.026228749981608387
-0.020152296573634355, -0.02358322958959509, 0.1035845144085083, 0.12826220530170948
0.0947380161116548, 0.004424125349326414, -0.02724553301467414, -0.1833963996725472
0.08589031351653668, 0.7921007869607634, -0.1874748171747944, -0.08752025037736798
0.09815539216679127, -0.03258472451418111, -0.0159790288155588, 0.11227954805372534
0.9575188776374366, 0.7853762297849451, 0.23230014127630427, -0.2001996658504081
0.6957106683266201, -0.05580665318384773, -0.21650027752268436, 0.06910968731980655
0.9505050845601142, -0.20698659656556778, 0.999465531628853, 0.6792174925342235
0.12732828597005783, -0.06208580134075371, 0.23718172792403983, 0.012036802630346842
0.24587597452742807, 0.9999411622833652, -0.08552958857087078, -0.0879204025459748
0.8866972404720492, 0.35623286566392093, 0.06657010133972067, -0.06718770007981478
-0.20756730085957797, -0.06507054683239638, -0.13182141599464353, -0.2080883641320143
-0.01992959567402636, 0.1283643273756374, -0.07102586872481173, 0.11779686160798687
0.061950233579280645, -0.07928986381562539, 0.0931433394140009, 0.12177114728313955
0.12471283842213464, 0.7914431286810889, -0.05351180590950378, 0.047598518892760795
-0.08266743839333054, 0.07617155569686887, 0.1280047485549469, 0.11001776422441287
-0.20976405817408864, 0.11042073898059704, 0.10907466722889249, 0.22525800865440776
0.01574496625149298, 0.6601302271386533, 0.7316142361829036, -0.07853033996913274
0.6389237796594734, -0.08674906458151499, -0.0627523998128532, -0.09391446067906925
-0.21165915112652134, -0.16611375818872007, -0.21086779726198296, 0.10265408115829686
-0.2086399182077215, -0.07610433863112383, 0.06988127734980672, 0.006156808700770163
-0.04006942172999946, -0.06197729368531119, 0.98501446530942, 0.03607140603236897
0.9990507067281513, -0.18287943410839266, -0.018492229292682353, -0.11183772355118123
-0.14351941044691077, -0.012700391867268518, -0.051568177106638705, 0.09406427332664571
-0.11476630209167546, 0.11419121428681259, 0.12596605051776769, -0.06627345563488446
-0.03131788353378053, 0.04228018647211363, 0.8101017564011291, -0.15570373242406213
0.03409916030413726, 0.09721584613559212, -0.052627913401836465, 0.47676403196430966
0.9649552797713185, -0.09128668824899731, -0.06315620879953263, -0.020431888896665407
-0.06528115406451823, 0.09251679971370701, -0.17344200470004267, 0.2757643240463548
-0.19953128235056145, -0.045388476534249676, -0.060188942192657455, -0.03884860904497847
-0.08851451308975329, 0.08791561024565814, 0.039684557843600955, 0.03537509354557339
0.32327054006039596, -0.07094328925355847, 0.05060392426534085, 0.12413815060378469
-0.13515117477207325, 0.124884458319493, 0.12828825128813975, -0.08458425755726036
0.10825000141238038, 0.16563951828853893, -0.12112230122691398, 0.02890227638629206
-0.08178084716781314, -0.08705591720451314, 0.0923916222934605, 0.25278410868053336
0.9508433792225508, 0.5891786127597786, -0.11751258474299946, 0.0961787861778364
0.11402630510412941, 0.08522283918358042, -0.0910839153422802, -0.009549261482179149
-0.1505615416311627, 0.11907980569057121, -0.011727605280342385, -0.08910808914901976
-0.21054755299749692, 0.08418234043075609, 0.43243520127788404, 0.09424069662088302
-0.21721503360959005, -0.1273795998972039, -0.125933316001644, 0.10640046906031249
-0.08788470754233169, -0.06534216754757327, 0.5230284870059959, -0.00550601740979697
-0.0021857369678158823, -0.045720429842452254, -0.19618209214329324, -0.07522079274092543
0.07187942768093375, -0.08714295824127084, 0.06148560703654501, 0.9881263985320854
0.19612300437966268, -0.08993511901566122, 0.11949517402675516, -0.09105070917336147
-0.1735468561790025, 0.18019882679714289, 0.999548806467447, -0.003963070829279584
0.5775337524237215, 0.12062387412234375, -0.020956181746900622, -0.20889399066616107
0.06675657840037152, 0.8463361801118493, -0.03016658354667626, -0.014719779468327721
0.9938587842516067, -0.16105891387408472, -0.00949823017094916, -0.17935770575280213
0.006676773618831695, -0.022447386827558768, 0.04535542950812359, -0.03220116737283447
0.9796549334822462, -0.09120262495812062, 0.024570261450151752, 0.48618254401980726
-0.03242114177715528, 0.12372112902347922, -0.10003158934620027, -0.08506161096985475
0.13543698908220203, -0.20585811451233316, 0.013426737459305105, -0.21163216748122798
-0.0775010758632451, -0.05234115719598409, 0.8042783593394487, 0.4785216878281333
0.12689093044387034, 0.10117089480997289, 0.8978346645571297, -0.006990591733147947
-0.042406528329283245, -0.19082067940731928, 0.028251984689924868, 0.9845415377161718
-0.1347633881376591, 0.1053782396196983, -0.03788565746229558, -0.015225529775465853
-0.08917024904508529, 0.6672859467032706, -0.14300992522242115, 0.9736126981063568
-0.07983715521945194, -0.20566137723727881, -0.21391116896053256, -0.21289489894990463
-0.061302220731516276, 0.2891487665904094, -0.0777223819355991, 0.07382784600441947
-0.21095689514829533, 0.08794167862906482, 0.4422306100741217, -0.009168908770770165
0.9873638372908974, -0.09116214395626135, -0.2051484219899529, -0.21401864443351507
-0.004868607359528767, 0.12835739248606304, -0.1638134908185624, -0.04921341397984647
0.8837803293325605, 0.10803716108453797, 0.03930908003441301, -0.09101972715054082
0.11993269072342802, -0.03017615241147702, 0.03846174750015661, -0.03971109793791901
-0.21539746673707102, 0.09473516148810954, 0.05739778827063293, -0.004462067161638039
0.0745749354232501, -0.03814083833363973, -0.19040044921124666, 0.12801049195751965
0.006309451388410934, -0.21577144516556448, -0.0705486282296489, -0.027386253436733347
-0.2158091730035051, -9.733230519922914e-05, -0.08958832954627173, 0.15232676624245026
-0.07995292596676358, -0.016528215783929674, -0.09506293703786661, 0.10534276787620434
-0.025197830519743922, 0.8271947278025592, -0.07431350174328885, -0.17274598987736636
0.05870293262379126, -0.04911134972185404, 0.9678724096658714, 0.12828038754575202
-0.1382539981206201, 0.6881852613019107, 0.051556999082525486, -0.02115543261983665
0.02468551877244941, -0.215027470294289, -0.10578717678691021, -0.16863129433947976
0.05838339131272119, -0.17682103012380557, 0.8384503525390812, -0.02077119166195748
-0.0033026573083907397, 0.37261074155927637, 0.03709390537202326, -0.1296535019290197
0.06840033546694768, 0.974341364505252, -0.0837496197599889, 0.12287316002564219
-0.07094524519832665, -0.09125407185813854, 0.1081060227479508, -0.18714140043845848
0.08216709801833959, -0.020962922127349546, 0.9393957051741971, 0.05600475374350472
-0.088884160124737, 0.07621188244581134, 0.5582443179372006, 0.12518386373055196
-0.044206473496459855, -0.16228379176044158, 0.11754088795206588, -0.013677692431209715
-0.18048124208569502, -0.06607153399444617, -0.02139212479602853, -0.10634868586075832
0.64735394062442, -0.2125017269656717, 0.03934485243854941, 0.08141559712299971
-0.06553920692311486, -0.20615623685015438, 0.04809478420373454, -0.17262898079978659
-0.07770233154363229, -0.0821775298439091, -0.03964964072409498, 0.993935072295587
-0.00516329343402529, 0.04767162696757578, 0.6388584328157396, 0.014056208883487459
-0.10955196811954797, -0.1837480527651871, -0.06080584543261345, -0.06060103111668467
0.9127548901001857, 0.05508216531466378, -0.08997738807646866, -0.2172323375359182
0.003140990890973069, 0.12685420221984706, -0.15772799130179227, 0.5299643244516651
0.08722748847368121, -0.0015954604587955082, 0.9805686261743892, 0.0740609089758651
-0.07520602209494406, -0.1642705728427981, -0.0895493185223888, -0.05487778370165538
0.027302133472224082, 0.0972448594341674, -0.09005708306521594, 0.11685142320049761
0.40618773457135154, 0.008253680504051316, -0.012479790505062257, -0.15457272652633086
-0.0913252000954969, -0.05364716511235729, 0.010784253760553223, 0.03806400080051112
-0.04850851276970112, -0.08831828296481452, 0.9007288221103756, 0.4072314724080048
0.010928894123990965, 0.17006366851431115, 0.06050376536292149, -0.01380690833510809
0.6275684010434567, 0.8165573520482987, 0.9964300413752837, -0.07805810507072355
0.8331925333149378, -0.03843493735045817, -0.01632101852667322, 0.005768378433040008
-0.103165113306526, -0.09188000407196246, -0.17196076420688294, -0.2145906824320444
-0.1936564680418425, 0.03229266950399911, -0.08700614780437112, 0.46252364168491644
0.030160486728719297, 0.18307582340310374, 0.946753320371251, -0.08999608186889087
0.021980029858386194, 0.8858575919141297, -0.11148579753660351, -0.10270271150740184
-0.0352005308259541, -0.014917993364324351, 0.5875008663006723, 0.12690774172959002
0.01895752800044352, 0.9952160949211122, 0.5168117583350101, 0.10320944197425755
-0.21572944107348668, -0.03638869279149476, 0.003488230849912858, 0.0809452730070414
0.5920723855725711, -0.04239005498895966, 0.021486052801641245, -0.08277346146938244
0.23592052969683897, -0.19294492541674915, -0.05488049388431407, -0.12308325845647335
-0.050837699583888646, -0.14666120036102223, -0.06619712867047751, -0.0773644761141254
-0.21595348109415882, 0.12313140809977306, -0.20848899509899324, 0.11492406235898261
0.07232976041641127, 0.003023203130153152, 0.09579900456223854, -0.00942506133886758
-0.08697415107107569, 0.2930776386765804, 0.15076966981463316, 0.02778801553891052
0.018901601127808677, -0.06536188383128332, 0.03333205342411949, -0.08406892378672345
-0.034789792014860786, 0.01246096319531854, -0.0788429952204269, -0.049963264240096415
-0.21280105915379835, -0.13630378560115827, -0.09121915475862706, 0.11608438432991264
0.929925133698861, 0.027779819401839313, -0.03194499047944167, -0.08580456347607068
0.8800878528998092, 0.22733311623372146, 0.7422815308990272, -0.024758424780953872
-0.05254139649280193, 0.9999710148159922, -0.09107906701148064, -0.05832996995180911
0.31354811869110916, 0.3756065332484859, -0.03436717351426695, -0.21709929469758715
-0.06868360137092926, 0.9978644735134047, -0.009273276399583153, 0.9928585211365225
0.12784746051229604, -0.06709199746138289, -0.08163095959926218, -0.1764395291190114
-0.07617320181187498, -0.19727808983840497, -0.00038731544265611185, -0.21668168345357997
-0.21709297791090434, 0.11730180049145196, -0.039903279768017545, 0.0674564534157706
-0.02333469088053557, 0.9946467601742608, 0.058045008087289, -0.21683738568954888
0.18955843759121282, -0.07246465735750592, 0.25059183652194866, 0.316398625152387
0.3470899984983383, 0.11061366294495094, 0.12828205669183523, 0.011132104797664587
0.12028649280621148, -0.05746794504274334, -0.09101802045766812, -0.0812863915106996
0.9245728130261028, -0.0851804599054187, 0.9743320850326314, 0.11793186406488754
-0.06529823913779445, 0.004901908892310183, -0.16109636019685647, -0.20530115869612447
-0.07552040784117608, -0.0689062248487968, 0.12818198950327844, 0.04814786934935105
-0.2112124000499345, 0.5680440885814917, -0.021201371442469617, 0.11144383586861413
-0.08749519994719873, -0.023131095414821258, 0.12803321334163695, -0.2041869717832271
-0.0858116536755802, 0.8477645409472648, -0.06226374655343699, 0.4523281890211859
0.721609061387859, -0.03446786583807511, 0.047620305263055614, 0.12790990750827916
-0.1578430225987295, 0.4552437099149173, -0.07047911520532414, -0.021104078344002592
0.08325496177677255, -0.06957516022789567, -0.030832472861069975, 0.6990079361237491
-0.029766970672189925, -0.08519111268118751, 0.004343107526825883, -0.03644496629170009
0.08305151589932568, 0.7567926331811179, -0.01866667700812073, -0.04644705192488077
-0.043301006900834556, 0.12421824077826436, 0.017794461098108748, 0.064923288738806
0.8593635468377063, 0.9565556447698625, 0.9942257792210362, -0.032372350984054894
0.5663432986515227, 0.6474413327957457, -0.20501094180510962, -0.02250829063430766
-0.08897917368095952, -0.1813817815536735, -0.07463642475262905, 0.8200932015254963
-0.1983468440201664, 0.11526228340150077, -0.013875553455114964, 0.9387209650752278
-0.1720083745635924, -0.07328908992937615, 0.9800561846374225, 0.12584928161329442
-0.1899574502936091, 0.09757808052135905, 0.0625920841426978, -0.18035215440568841
-0.08716690643263214, -0.04398252665553714, -0.015078529544205046, 0.9228752982722253
-0.08436260462959366, -0.09051514884747562, 0.5293867378527933, -0.05674746558447765
0.6258121772065275, 0.19616684451068397, -0.04413926698944726, -0.08137605806693696
0.11322325746421094, -0.12647955292835641, -0.010743140320497752, -0.18518252231013765
0.9978726036793145, 0.12377934212885817, 0.9315125909712997, -0.03036315079013193
0.8753775183289506, 0.9972347987396094, -0.11793763051213525, -0.028971124625232842
-0.08234719569406504, 0.014375076971275111, -0.05936624063823671, 0.6888756734164738
-0.2057447992586075, 0.013008850599833179, -0.19602171607716598, 0.5296264223525182
0.11462904567452649, 0.9000874613211342, -0.213268562176655, -0.015233131500052031
-0.2053663263967895, -0.030364464155527137, 0.06443260747932043, 0.8229557340693571
-0.1849905472838171, -0.20615949503834227, -0.18496354156023784, -0.041155025732121486
-0.14995845016056086, 0.8618836345789359, 0.13642495291723122, 0.11990303549852754
-0.08026305185114652, 0.022292411226701697, 0.5143569466143275, 0.8743399635858049
0.4724705765060162, -0.20586988181958032, 0.10288380527300267, 0.10551493061467013
0.045733287713436335, 0.10297015058545603, -0.21673962868477156, 0.10433454071248498
0.031388477912733366, -0.186506432290862, -0.0711113570850929, 0.008148718630160597
-0.0818829676034205, -0.06918605278873186, -0.21455957922775618, -0.0343242175873353
0.9632171875699637, -0.2060115339436502, -0.023020882734319955, -0.21310603184805543
0.02395601662755273, 0.0009227074377151092, 0.8512946377507495, 0.7060788385039881
-0.13295985896405438, 0.12819266823018316, 0.07928515339761602, 0.03568866028598037
0.7027298598352795, 0.9578845896266798, -0.21721207998411854, -0.05584902357693531
0.3416331166350319, -0.0708377148590561, -0.03463420200434887, -0.07669238971471407
-0.05194212597784385, 0.9999552766444525, 0.11777581092660055, 0.058317635464745464
0.11333929003839154, 0.009616701197799199, -0.08865951207386803, 0.08644971446167302
-0.08825920201482522, -0.0425901680222495, 0.44610343099460736, 0.950507549120456
0.015138782758502226, 0.04841631787028917, -0.0021388043453653555, 0.4232318932147547
-0.20483221085606165, -0.12641393400997755, -0.09046527542427768, -0.033472295762260205
-0.07702599384761252, 0.057657416115608144, -0.0011952137922729294, 0.1260699212595461
-0.024059397778851136, 0.3765911154525413, -0.12053468481992977, 0.11465211363143012
-0.021911571915371072, 0.10555480412366075, -0.09128157768759523, 0.12649095812660952
0.024103959087588545, -0.19896986592070917, -0.21518082632959323, -0.14505779074244438
0.17566640587626964, -0.03746065924390419, 0.06561294660145701, -0.09130041254913189
-0.08921779246210879, -0.056007103587788376, 0.04950158024081951, -0.21025049813317265
0.12503007301576133, -0.1943904266790593, 0.5373306082513981, -0.01294188438196851
0.08555894195055949, 0.06570867987443516, 0.05337768024462484, 0.68778830993195
-0.07175041040356511, -0.041601627103863274, 0.07679218678765108, 0.12623552192657117
0.12744679232901884, 0.05411111259739692, 0.8050263459922591, -0.006574685747829755
0.18109738799836478, -0.20074365022255275, 0.022869140726654247, -0.21700667342167734
-0.18032771093138125, 0.02592315500797918, 0.9513198849495, -0.04315915378420631
0.12717146345746677, 0.4305536014511854, 0.09406402452631529, 0.8362964817444776
0.002938579602027007, 0.08054246135399193, -0.16034241412478326, -0.1828434448572556
0.09666847899428703, -0.06181417786369245, -0.09107430753331197, -0.20474699852150527
-0.09119020524200071, 0.6863548383311942, 0.9116883269386739, -0.01697360235663484
-0.01684629141088472, 0.1283740061197073, 0.09588622597910605, -0.17369891264012313
-0.08448756113473191, -0.08969474966908297, -0.03762498822255125, 0.13130862851281244
0.09395337401708129, 0.03230156836028606, -0.004511622033311292, -0.048923029215202606
0.7948314641330542, -0.010134330810253674, -0.09005692602659794, 0.11760522129748634
-0.20452533783610918, 0.02311501975994758, 0.12498834056609244, 0.7755151824398585
0.10111792750663944, 0.9892986068148628, -0.047153125405396686, -0.07714816775787639
0.026952194389747, 0.7938579396824277, 0.12102086966775914, -0.1990171390514845
0.6192324583973712, -0.08715405685295807, -0.05601200453340863, -0.0714946190018301
0.05727077081814583, -0.09124677828211322, 0.24519018040886553, -0.14568492273190156
-0.07983076063156114, 0.1222314765756606, 0.10451801614349819, 0.6104213919167069
0.093821568702999, -0.008047151192608789, -0.1632722454813923, 0.02107637483952898
-0.07761273925843319, 0.8457603016703685, -0.08485280140595391, 0.10587803469038311
-0.0261573941240515, 0.3298038102185316, -0.09127409488908116, 0.9922359821532012
0.06770666181422745, -0.04177133348900771, 0.6305131093434793, -0.07126652779379922
-0.07610848617587125, -0.08476065134795337, 0.06755335051860785, -0.08960846575664495
-0.09131407892619907, -0.05037923808378829, 0.018258021153572654, 0.9995639750264796
0.5400042534935422, 0.19709415185993484, 0.11395514950224497, 0.9997003057633258
0.6255931537112631, -0.03081455536772879, 0.9562062008522992, -0.18983379987503685
0.13321277903701542, 0.3711218121163182, -0.18665724835374234, -0.09002865596433686
0.07945640236575686, 0.11697965762466182, 0.021654273222370315, 0.09509262607418209
0.2934228923733755, -0.2161826743471396, -0.08036484340377764, 0.06895994224233125
-0.031154012251825416, 0.1434863714140025, 0.08811357505481615, 0.8909241723020538
-0.21188074192160802, -0.04541705644310995, -0.07995682085367516, 0.7779424687421664
-0.0896453242461419, 0.04644635086592982, -0.07438435913598965, -0.08163820151351801
-0.15568634640374004, -0.08568022337131626, 0.06514130355547013, -0.014879644332971594
0.3534710455266404, 0.8812232690297256, -0.12284733981783037, -0.2004695091996476
0.02311010210478013, -0.21415189044016505, -0.09113442323285226, 0.01946245967091379
-0.20594483567663738, 0.632199772547191, 0.05419900358138291, 0.07260297358323682
0.4939870080533781, 0.9684574888027928, 0.1283363235475394, 0.031254926237317335
0.11233901218133552, -0.16667892898992562, -0.06504685702922162, -0.19898552520131174
0.8094133432230181, 0.06381084699869304, 0.6538015112490674, 0.096892845759591
0.0007763631944380301, 0.40657817029977705, 0.22600727224535427, 0.038501739412629486
0.12566042710022624, -0.18063508605300288, -0.08855246335774382, 0.0823311846122684
0.04793263074155065, 0.14045901540183123, 0.796465465237897, -0.06980519679190235
0.7584414230687831, 0.6097599025320228, 0.2584969331985028, 0.11344139826901276
0.12259652673219912, -0.13960695683572008, -0.19524759559091193, 0.12163122441564712
-0.0459679431064494, -0.0588895076460287, 0.12211332682580867, 0.12692463527180736
0.9781977678479714, -0.21462578694969303, -0.024300574992600788, 0.20334669564455507
0.11978639549104808, -0.02550189559950611, -0.12275666954670811, 0.03435774751253212
0.17230962408664832, 0.9987046909311689, 0.05636341178759713, -0.05844351708017056
0.12724906615046158, -0.08395117655934162, -0.13224401822069792, -0.20262502127610457
0.03981186441602271, 0.10549398107815998, 0.04802351729281515, -0.09067144222658785
0.8054968821909134, 0.6392331053171406, -0.007366253331802521, 0.12832753095716076
0.11363591430631989, 0.08559704939526575, 0.5790408541004631, -0.07207144363566999
0.041251990043500504, 0.9916555962987773, -0.11304627183094774, 0.0329975232751307
0.1249528209600756, 0.014553306437953053, 0.5283984078856698, 0.0154827257599028
-0.19188066604632079, 0.03434822117911767, -0.21717062253943747, -0.06817827471105847
0.2780647728934147, -0.005322278331907284, 0.04062062028210854, -0.15347949754033094
0.03302512197880335, -0.20980747743741118, 0.967198838536069, -0.12210303775831348
-0.12644192064772733, 0.10810401217925304, 0.04977195189724397, -0.08100488822928649
-0.021845352085524378, 0.47546305609387296, 0.5121135759783009, 0.10993957686634212
-0.05582855374917187, 0.17451679472853648, -0.056447654373574796, 0.5620879244339102
-0.0755534254710263, 0.0652504185453453, -0.06050398539851587, -0.0853206529925843
-0.15344831018964916, -0.061913446284008536, 0.8192742335416485, -0.2158391353158973
-0.06835794369539869, 0.7523351694877641, 0.017752083870256206, 0.9526413340210967
-0.0909808650008823, 0.08626130275856535, 0.1216988273049972, -0.07149233499238615
-0.03852022977967892, 0.11971920228935277, 0.06339792290304246, -0.05162360099219233
0.4364740194298091, 0.12726121316333178, 0.09141853630547747, 0.11667952781706684
0.03017114310628564, 0.03406052299618888, -0.044983664146838825, 0.11631326887347891
0.12661318767491095, 0.9954497107873548, 0.5394044597016348, 0.1264523766798714
-0.021886018081754995, 0.5355576951168638, 0.12358109858768852, 0.48091429611955905
-0.017221527123181334, -0.0755921563389954, 0.12802907047731438, 0.882954020576602
-0.1029620980777283, -0.07173856829526655, -0.06689909870827354, -0.03763143863632755
0.11459647779748502, -0.008095311392024015, 0.05628452041167749, 0.5510922383070062
-0.02107219946828411, 0.9120035282097322, -0.2063251549754606, 0.12339915015430498
-0.19994364424411365, 0.9871112236407095, -0.14802026485359315, 0.03356874074577757
-0.03308770080521325, 0.12328666030518018, 0.5369664539192885, -0.09115394666951912
0.16752457112709956, -0.1911607977294649, -0.0909738908021595, -0.019764087898960676
-0.15859214691186505, 0.03675130845550637, -0.021032009884877027, 0.052937296521819874
0.0464159806244767, 0.11238145472370006, -0.011858224642165826, -0.07029916424696814
-0.15202134582785726, -0.1136737654834258, 0.12405659136499882, 0.055046339738555564
0.11815175921633521, -0.08259695686267712, -0.1688053171273472, -0.21543380210062582
-0.10406570156485967, -0.2039099350514218, 0.1204332955416919, 0.9304183195657584
-0.03377713264977584, -0.11982744037735661, 0.12784627103031984, -0.15343962920497548
0.12825228180067175, 0.10658261486518018, 0.03364983446992, 0.44825503530845473
0.9985112301939854, 0.7248786420523194, -0.20515621067122683, -0.027569612711838137
-0.031169054622211905, -0.06057338924090327, 0.029672012249385142, 0.5968236938326286
-0.005208518117363334, -0.04879579753755019, 0.38435238884032724, 0.9936535609260035
-0.21105335899740127, 0.055956094163108885, -0.09097307038547825, 0.7140928241284583
0.974571818719374, -0.17596796001697704, 0.12784214516665854, -0.07276195671972402
-0.204027448626303, -0.03682570562863188, 0.6237432621219802, 0.12165866252786547
0.00014595261263917607, -0.014637241360181831, -0.07792029329486733, -0.12106906364966105
0.08216976744061445, -0.21701771033623332, -0.08879210975161084, -0.1754227801849562
0.11862349258293997, -0.013665314164679497, 0.09455674247228472, -0.09817287513040679
0.7742327223355289, -0.0495784292152675, 0.04666680518141812, 0.0658284028878374
0.11326622021879659, 0.052662682495773494, 0.1234772854126833, 0.771750502441381
0.9158331499034202, -0.08608255967905576, 0.12636975461389588, -0.1588661076105855
0.04998413509749987, 0.09486740085430988, 0.09251934422440135, 0.9999995254288749
0.5345351489190577, 0.7866926721381164, -0.004096841839985402, -0.09918712677726983
0.24225242354680399, -0.2124933898605594, 0.10079868748947561, -0.08078412309357196
0.07943911712091625, -0.05999385947330631, -0.18880288718177393, 0.7420991490772296
0.7241220815764846, 0.03430226119163174, -0.18001193361621348, 0.68633583398317
-0.03546192566447939, -0.08818496051662982, 0.746190282181018, 0.12834329437765715
0.01281452909606397, 0.016935977966567903, -0.08429005435038708, 0.08578944391025195
-0.1148420867139133, 0.4187094688691037, -0.030330298777178175, -0.08065771718460697
0.40724241249439336, 0.06095207371986018, 0.10843823202054154, 0.09808085340561919
0.9929948870647473, 0.6482757785665488, -0.17537475193097382, 0.12596447269083513
-0.20794450094464645, -0.025282106844303463, -0.20604082961960063, -0.07682247127993624
0.12417910596707438, 0.09699044949963818, -0.21540079827937358, -0.1506754626467564
-0.06409171586400668, 0.12152331126689281, -0.029720429133704734, 0.12682778372869905
-0.11411621806688162, 0.025445108496165228, -0.05620085625322373, -0.08973288941042534
0.016880156266354515, -0.0901458933653344, 0.04360575310052246, -0.012930042704297259
-0.08248808860875712, 0.42916286435815343, -0.09041074048493208, -0.0840556471653241
-0.19632959055702626, 0.985865530776552, -0.05331657537286011, -0.04681602478165268
0.06309187655283474, 0.09476386578148085, 0.988417364870875, 0.7481939067356436
0.028179029879912384, -0.07376673960322759, 0.32860924120481805, -0.07220348609434098
-0.048074761009584216, 0.12660809047511076, 0.08728169561789154, 0.971716523754973
-0.1696786717924778, -0.06866553977790113, -0.04608179328296386, -0.12213270389817395
0.9962702805126947, 0.1047905585480066, 0.882265667207536, -0.008031127153370947
0.10934524798161555, 0.041912853390692284, 0.07481175816740812, -0.057114090126650086
-0.1827611679153103, -0.10147968186668056, 0.8447220729179113, 0.986349355712875
-0.04717934445545816, 0.008459974620264748, 0.014509549230817266, 0.9997824804266434
0.12833788610772523, -0.08190544589366093, -0.09132089481892514, -0.02524155767634788
-0.16181822817954952, 0.061816440675446525, 0.06489386023720692, 0.8949878711648328
0.9606702265447362, -0.21494275048762745, 0.120415228725663, -0.20829641426915943
0.11950571107507615, -0.015065574691156346, -0.027381396516176694, -0.11381311649532662
-0.02847723540261376, 0.08990704182981561, 0.12665082217312407, 0.12424828372076119
0.09703425505044169, 0.482758962409092, 0.0958012853678529, -0.13978876959469597
-0.03149482395269438, 0.04851841922490349, -0.026231502617438635, -0.009001521337221648
-0.08303000290287055, 0.11992838680827708, 0.12633903756743292, -0.06299296139132911
-0.21478173994760294, -0.1620472878184482, -0.07711922078264219, 0.11874048905019394
0.3956308131660486, 0.9638584072652733, -0.12544696923410276, -0.12212282455358552
0.8898011871683258, 0.10104993401735198, -0.20497696976977567, -0.2111804079373177
0.12734347555149164, 0.4719412386229947, -0.07597960679224895, -0.005809701787780564
0.8789000894935638, 0.7586744122255619, -0.05525852791624354, 0.9732909575955373
0.11709196043186963, 0.3461488512185879, 0.11353952125543045, -0.012511366352775156
-0.07420419107911169, -0.1290814735379226, -0.13985108284630848, -0.13075232137444653
-0.12300243308815421, -0.041906212068040606, 0.9627002743410331, -0.043680959602008886
-0.08584510824281769, 0.7265868993989517, 0.6780902664540153, -0.07100448229469436
-0.11280124199940915, -0.0565072329302854, -0.15978516244066837, 0.9727561316095676
-0.07466094510294419, -0.20537307381201397, -0.08061371292931774, 0.9083506259062535
0.11588400669955655, -0.08036958980857373, 0.1343361775012022, -0.0634612940283919
0.12486484456191807, 0.0826423433776585, 0.20363624434399316, -0.0908265799153333
-0.15330056478459944, 0.9527826316842033, -0.06904340114020574, -0.215101779083561
-0.1435656216201919, 0.9137845593633975, 0.9714203661872609, 0.9518132854951776
-0.09094974071422587, -0.0913250234881623, -0.06289430002773715, 0.8350983076852666
0.5623181336852406, -0.05145596459655898, 0.098073272573146, -0.054221462300641135
0.8517180136579565, 0.891430756170538, -0.03423409550432023, 0.6825669935192882
-0.07525297944435859, -0.062480702631385665, -0.13740346842976986, 0.685882774400374
0.04388355353032794, -0.11262186619642824, 0.0028144522164699586, -0.08842492088572255
0.07077953158150012, 0.5679278470377895, -0.2135198287221484, -0.08894998782847335
0.022302315722130806, 0.8370192944231135, 0.012903336275107957, 0.9678976332351015
-0.09036772298237328, 0.007597192805613385, 0.028230591905047172, -0.0053818470822979345
-0.08559760480520533, 0.05299660429855258, -0.1970542452368648, 0.06838203489404795
0.08048020258638033, -0.07978156851579198, 0.03225805786967597, 0.07485024491215962
0.49104944718305105, -0.1825640752620914, -0.03454246687045317, -0.21645638708744058
-0.11505596213734834, -0.2168560646019403, -0.21294051503346612, 0.9983260464819314
0.5416507188735047, 0.012695177243249615, 0.07565051335061053, 0.11475999544574073
0.5750402696222517, 0.6824530878970622, -0.02128062888650506, -0.033036055778153106
0.6325416688710528, -0.034308614048140486, -0.07290540691017303, -0.09118008022791024
0.3832326461965299, 0.11181394774443572, -0.06982538631163887, -0.19626736702216624
-0.014787244839022471, 0.7785111284145073, -0.0518564413707534, 0.5336596202553199
-0.005225693082548639, 0.28928335989071197, 0.6829056324453587, 0.09943017780384225
0.028941602689687235, -0.057763995078806425, -0.025020463146113177, -0.04238019655644968
-0.03136408066052216, -0.01004323891632629, 0.09419038103944358, 0.9732821886251755
-0.20554944587634125, -0.19615575747569844, -0.03382678541498073, -0.15809215713104305
-0.0738639630526328, -0.05822970271495794, -0.07317581777537394, 0.9436413272830215
-0.01921280608299718, 0.03706436425861254, -0.004264042278441167, 0.11736197486625012
0.9984057725993901, 0.09194654817967617, 0.10117521811332732, -0.011629605045963632
-0.06433567412740505, -0.09097381963958268, 0.05574597380233515, -0.01338863396490933
-0.06842095927141456, -0.07652302155395443, 0.12474140859839869, 0.39001560550605113
0.2378015947437745, 0.10461158243227589, 0.12362470656073969, -0.17849513201512754
-0.07004808563133978, 0.09189142354435698, -0.031163037108440737, 0.9764119304729921
0.12772586253557186, -0.2029914543839, -0.0878796902837745, 0.06700087717976971
0.08322852651880647, 0.24470422698825708, -0.03342214964916539, 0.12063952528618894
-0.004093282898708764, -0.08755952111179831, -0.09601543153209038, 0.08065785636837657
-0.10467488546358572, 0.12818613102612345, -0.20795983817186345, -0.0760962535834008
-0.21624630057087718, -0.027387970243675855, 0.9926771421046154, -0.21660062740712652
-0.0414517630629504, -0.08362574003113901, 0.037490280279836315, 0.021918861903391703
0.12365932181573532, -0.08376148664505338, 0.034027383590419305, 0.12560159023047626
-0.07246185033233676, -0.018477023306048883, 0.9942539455846541, -0.09131940568118883
0.29638807457924016, 0.0021710777318050558, -0.17054234025480597, -0.19806864470484561
0.48359711087803847, -0.14464494938028677, -0.0005563607107665566, -0.07941467918689257
0.01791309809829609, 0.12064068902118862, 0.15919646312213595, 0.8982401871006935
-0.06384089444693489, -0.07991929045192576, 0.9998704218798926, -0.07851590163920827
0.0015214807766353688, 0.7624215484295594, 0.4815893888982745, 0.36040745886829234
-0.025722144735245037, -0.08280973068971328, -0.15800820762423287, 0.06870365530050589
-0.15261966620158623, -0.07476240388765418, -0.003216015708377187, -0.18434893100299132
-0.00970105956130345, -0.11860268774581034, 0.12789774476077953, 0.985756323119659
-0.06019527034791456, 0.026613820892915536, 0.0042274127571969005, -0.15683369488709278
0.02573757875607199, -0.014799126591982164, 0.037485435802575434, -0.03472483500706989
-0.16881970200412078, 0.8178325699160058, -0.05689102144034826, 0.05074106120960424
0.9830397460206891, -0.0145489049383701, -0.06706773672425662, -0.050790823373479836
-0.21614977661748075, -0.05863377597336776, -0.11417771772573791, 0.0079340451496879
0.062458575915318074, -0.05197594880528757, 0.3134658687584003, 0.1204826898029329
0.9836446746124174, -0.2171761654950936, -0.17181857635778505, 0.8870039755109829
0.7683956820449176, -0.04674871511362141, -0.09750445633185702, 0.6175698926536012
-0.06284402838978971, -0.18517732867766742, -0.12336564341478674, 0.07321019436820965
0.4799075272165945, -0.04038574674143536, -0.08766681429166805, -0.017771746427926425
0.05470725604651085, 0.036118214893728705, -0.008183009894089408, -0.03202370515443913
-0.21705949811469968, 0.020871683147154808, -0.19642007427999333, 0.06349743426636693
-0.08583004513993729, 0.7736457792085986, -0.08641044758681111, 0.007752021664947194
0.5294090250271812, -0.06292267377341769, 0.26243079898682664, 0.9809551406539136
-0.06049051735871935, 0.11084504293612196, 0.9341142011935255, 0.1263898586209225
0.1007012371866018, 0.10073221903800246, 0.8362385787695094, -0.21722188810846507
0.607924799477006, -0.0667240573341651, -0.2143889017434205, -0.20343731985347904
-0.08991537701853693, 0.1274722328742379, 0.7103502950460706, 0.11117783328763416
-0.0037664562438634364, -0.21622714987144462, -0.02634106256573642, 0.11134704044335897
-0.05166015830958991, -0.18322975312581574, 0.16279735763498943, -0.16363973005439517
-0.06254577423373588, -0.028020575482696215, 0.1008731855026164, -0.08873290355803096
0.529278935254166, -0.06707098488546133, -0.015638729532689934, 0.12660746007047635
0.27564226975047573, 0.8700595553989491, 0.5750503020069023, -0.19412218461780564
-0.13568160305573623, -0.06757589779290862, -0.21379797013455154, 0.43759573378317
-0.024498989890676028, 0.06061866529777683, -0.061508031270800616, -0.005588496994440301
0.7705674347140499, 0.11996770242367169, -0.11449825093600342, -0.1888197002191569
0.810406458861402, -0.18589935897884569, -0.0808609480380627, -0.21720403295533822
0.04960128254561946, 0.6785194965006409, -0.20981037601690303, -0.011658815336049648
-0.17516620909129124, -0.09032238020775353, -0.09122822990146123, 0.2908680404107736
0.11670329227427652, 0.122416583305789, 0.39657296356094457, 0.09472028322144856
-0.05125917126515288, 0.03838573645628858, 0.05004603630968086, -0.08597708519683409
-0.08555067661314777, 0.7305100118441937, -0.2098028049173821, 0.8031497764838781
-0.07525630598071852, 0.1064453339312544, 0.05805133378670732, 0.9146360744177767
0.6960288564102419, 0.12537146209933261, -0.08348133670163028, 0.12783889475951016
0.7835168613027893, 0.832819584371785, 0.11628231640080851, 0.1482195811567433
0.003167480999341185, -0.16046340184595548, -0.07860990927970439, -0.08314788223524627
0.0570159685827691, 0.06346215256759519, -0.01831418859764122, 0.1269564041900815
0.11844745823508754, -0.1844630931864579, -0.08690768427215217, 0.3558675421851863
0.43993813954949773, 0.03475273938763978, 0.1754071161706565, 0.038274538760809655
-0.08343938389450965, -0.21723362728578477, 0.01945246458742403, -0.09131218099246884
0.11017455324136116, 0.796725843044154, 0.031444986211694434, -0.05564326792174095
-0.0022357999239524993, -0.08613309998613321, 0.9187484826580372, -0.21599571191033506
-0.0010040090813115638, -0.06638084604343607, 0.8918758793354085, -0.07571525591469294
-0.12385489425214594, 0.7589187435674669, -0.0021508789485982986, 0.6564359362460508
0.5901718982311397, 0.05520795193480476, 0.08134272729760961, 0.10883797356287159
-0.09093344622225712, 0.12190430642403964, 0.12329520444268476, -0.03871955376909309
0.008531469668599368, 0.10662897899664328, -0.0731140917530468, -0.1468752680594728
0.1276958422955399, 0.12788418890014389, 0.33957678264974006, 0.2563755154126092
0.08296070497876708, -0.08265352744696709, -0.17884341327369194, 0.3733738877759187
0.9391152847597102, 0.05554494794968148, 0.05270512876554648, 0.12833009358100173
0.08041764469331109, 0.10993674178094161, -0.0912834357786345, -0.18800521747036572
-0.054665260314583616, 0.10113398011577651, -0.20446683375383765, -0.011350895075856455
0.03740116242921222, 0.016629478548850003, 0.9822324264985572, 0.015635253284308582
-0.06399629279207592, 0.9999485351417957, 0.09948371619799505, 0.9907952925677821
0.5672802864599986, -0.09123877444670732, 0.9223710302604314, -0.08052916159786234
0.10262399580700794, -0.020654526141170203, 0.09514801780133535, -0.011030962058213514
0.024431325951167364, -0.08617242453355776, -0.21714553647294804, -0.20687397498850013
0.11680779610632801, 0.055543237248309583, 0.09173840709427682, -0.21535143234320073
-0.1620728673402177, -0.19824565542585884, 0.9591648711073093, 0.017771287035675775
0.10659566378393491, -0.08897306310561832, 0.01632539236031323, -0.168184401176449
-0.03225818105876607, 0.8974842311938341, 0.123876314434914, -0.06502351474293004
-0.08731369898242047, -0.18635525351557702, -0.10629169652465237, -0.14420455812244562
-0.08879038319640685, -0.21309896579141527, -0.17059265286524933, -0.20329229390743522
-0.06052680625100561, -0.09128456854952631, -0.11662948983315281, 0.06209189820989653
-0.1875192053644458, -0.2084379670313568, -0.18458209850240812, -0.08616263695156869
-0.10555722734550639, 0.07087559196737234, 0.16226478224296131, -0.0795587080189139
-0.06881227303567307, -0.15322180668169486, -0.14517265531311419, 0.013807890952798017
-0.09039564241081231, -0.06933006656512314, 0.6119115964436634, -0.03285609037157911
-0.04686783202608357, -0.048234871238296326, 0.39078299845509606, -0.057183589620798274
0.2709162872559602, -0.09130515933277801, -0.07554608462553583, -0.086097160978752
0.42912466966396545, -0.09010370773311585, 0.10797715923103557, 0.6548332617174083
-0.060542211288869476, -0.13518632071932715, 0.3206269063787501, -0.08710648937255006
0.9239166425677315, 0.9619689062539284, 0.017229885800562676, 0.8005782678025424
0.004806110265658159, 0.7811327094725399, -0.058230603587218, 0.5724563702849552
0.10051222825020731, 0.11886833088390841, -0.2159766352928782, 0.7753558404144579
-0.023891597613111815, -0.2086875074536172, -0.08753387225980196, 0.2174453016128945
0.11506514737449544, 0.12519949891125423, -0.11599069999109106, -0.12427012642869598
0.5565221021902416, -0.0856427409860739, 0.7764586432029431, -0.08226406248954145
-0.057580204077456384, 0.6096186830342283, -0.06985687357149119, -0.05874215305411101
-0.05108356285426994, -0.19768301011442244, -0.1128049447485792, 0.053349214502612465
0.07996669398199656, -0.0060754108999524475, -0.19364125904173826, 0.9009148469977082
-0.2137328273418764, -0.08929659304827849, -0.06062121253737012, -0.06875272432634974
0.12161725567157064, -0.20174169497094888, -0.037626329807941006, -0.013790424421900606
0.020346765520811314, -0.09123484945090664, 0.9106612588775612, -0.20513714493464622
-0.022065168423150646, 0.09766271493189964, -0.05469560309764124, 0.9989834171164175
-0.06858013240772251, 0.1272145660503225, -0.09039515768940362, 0.02081601967449331
-0.0001369561310575078, -0.21026266104440033, 0.008063895456399923, -0.08743370288018029
0.0750561543223464, -0.04984689341262389, -0.07419573336408705, -0.07915732433241934
-0.11395328546389596, -0.1833981821625274, 0.9851901539826282, -0.08173119173407954
-0.06811914414661385, 0.6014405878401637, -0.07380874418314842, -0.20315695151950128
0.12772997678632508, -0.022013789068974825, -0.11461211270094064, 0.12803811277406366
-0.08054431522732824, -0.1694294007435837, 0.9813969370661303, -0.08938177697250707
-0.047508717064336986, -0.06489614813719023, 0.4682198969465634, -0.15800983755739156
-0.009081743180448545, -0.09120295638118872, -0.09129222844837376, -0.07055958254333103
0.12133389091457672, 0.5654468249338767, -0.15971323671268312, -0.040414853396784106
0.5993509003279295, -0.0636626233515974, -0.21716500684477777, 0.12248491492193964
-0.0699970649966057, 0.7877607033798611, 0.6993220548853518, -0.04466606549278299
-0.08208942948825998, -0.02992741446709071, 0.11346889605517253, 0.27879779241665875
-0.052051434697148354, -0.2114935681262967, -0.05385139774613441, 0.12199467885454054
-0.11809155586807485, 0.03660628568262709, -0.029759300187503036, 0.9616854169105519
-0.09108144376193762, -0.1361794939832082, -0.08780135351501367, -0.09082576150684585
0.01775876273842552, -0.05439463787527341, 0.041148555800247184, 0.12478137028184286
-0.19455086777927358, 0.049326384928321164, -0.09010257773481599, -0.2096803492730798
-0.045109422982213626, 0.1002728758163396, -0.14126762730901654, 0.4350221392170708
0.03209773448222763, -0.10780556145828084, -0.0663333811184692, -0.051962585716604545
-0.21678756779990352, -0.2103843739916019, -0.1597697578030142, -0.022144201796226556
-0.001339266833218427, -0.07965991250044809, -0.09127488584518592, 0.9799379470172845
-0.04705924783534626, -0.07732869179362034, -0.07694622501954308, -0.06844006461460084
-0.1730710446413269, 0.8515714495223154, 0.1070533797506859, 0.06441706796383086
0.1530013258503319, 0.01022957604227503, -0.014953503571729889, 0.045691208318772845
-0.05277809518298226, -0.029025111514691032, -0.06766419793904228, 0.4522327416401041
0.1275163011887516, 0.12795165896310973, -0.09103961758297151, -0.12784961113618185
-0.038986831655691764, 0.06586139249964022, -0.012951038181018032, 0.9925643043081691
0.9385500949952178, 0.29684983645092594, -0.015058857885460518, 0.1102614370486865
0.03981106225077589, 0.11186829790016328, -0.0080513880605383, 0.8097480282692522
-0.21342630359390635, 0.07875274896325925, -0.049209328273671804, -0.08950963710660033
0.12807164700226922, 0.11253999652976608, -0.08635973570474058, -0.0505912369729269
0.11639589226636547, 0.9961000224677783, -0.17172355071281437, 0.8729010537796998
-0.03707385792968566, -0.07902697621949813, -0.2148775606982106, 0.7548196511426516
0.10172246771512906, -0.21671607526815315, 0.03627215549878647, -0.08457171869570146
0.1251209576546562, -0.0736019915233402, 0.9981109188973383, 0.07034433707853692
-0.14140876432573793, -0.07281392508121848, -0.06944266861845531, 0.36512743908378453
0.11017455691886874, 0.0678659856844082, 0.11777915837075689, 0.995073452756723
0.9504232613346866, 0.7963169400489686, -0.19690418275444094, 0.12539949154504573
0.02164250162226127, 0.11583384898058104, 0.7223715164722065, -0.09129925359337449
-0.1956824292951126, -0.07218767341239585, 0.3888836117874321, -0.2087912773302348
0.09986836451313438, 0.12603777986165166, 0.03588417724575733, -0.07090587225502724
-0.0685105032119513, 0.1246933789196993, 0.09263735337680962, -0.16772203818260087
0.0250445321383289, 0.12598621547470787, -0.08462094759185375, 0.23398721619186585
-0.08807747587318751, 0.31874408141446553, 0.2485301828093111, 0.9668298966985854
0.6659138023964791, -0.009691594321265715, -0.20355539264792302, -0.16581485833650714
0.5375680595912863, 0.11308819184562155, -0.16790000553383358, 0.9215329530500664
-0.20705404058758317, -0.0652630858551423, -0.00893862296799086, -0.02548242992290065
-0.09056313026499231, -0.004639707525604101, -0.05098781352093397, -0.04358848320538849
-0.17558160498086434, -0.2031565920913998, 0.0973830194650333, -0.11880653463186634
0.1277024635377828, -0.07024370746960765, -0.07370869619590388, 0.12043112234595674
0.0465084650327156, 0.1535246406780269, -0.18973168824654307, 0.11285068696843195
0.028682192988095274, 0.07142723352173073, 0.4866978919208878, 0.4214229695659761
0.9792395799913222, 0.6924101781744334, 0.12817820515474157, 0.12322776026827982
0.052388744623095625, -0.04793437507727248, 0.08031116702618499, -0.024983531301675268
-0.020185690310756586, -0.2159107703972768, 0.948716991183064, 0.15184314914206928
-0.11448769048455448, 0.12834723070973952, -0.036997011282549744, -0.09104069038735613
-0.03088413209487606, -0.001941008138227922, 0.12169857596890832, 0.26966220437711935
0.10384708344959447, 0.07373521352358542, -0.06691239026146115, -0.21417797989353546
-0.14173529740441404, -0.0043662114007294766, 0.07039810109374213, -0.21718995445462425
0.2613926622615311, -0.2121128903051969, 0.036490519199696564, -0.08137452613275414
0.2973375852518688, -0.21007261749520054, 0.06322541183668257, -0.005716570533401383
0.4013366987447154, -0.038612034955396835, -0.08240563078239908, 0.9811140692087525
0.061081062722796065, 0.9504200878038304, -0.13574694867174467, 0.7128953045314566
-0.06259169865659531, 0.22869986226455222, -0.15722268254365787, 0.8171321977430189
-0.03195803440128335, 0.0002481763703790211, -0.15630379802426184, 0.08872420503692696
0.34353313048295986, -0.05609141345114334, -0.12463191505574156, -0.08817375838749972
0.014599088565641072, -0.14381489722152693, -0.028577568667614718, -0.14327622088014086
-0.0577866284734394, -0.08876545185829333, 0.06947970870967146, 0.07925543678420864
0.8485578722608511, -0.059152695536800394, -0.21722468472791798, -0.06849989648798338
-0.20119757027721527, -0.08807162418159588, 0.741904839122062, -0.013613473665551738
-0.07584856720764091, 0.1267819260669412, 0.013099881746839605, 0.8997025073732607
-0.020415032866128616, -0.1878872287372403, -0.03678052190033818, -0.07580665494796365
-0.1784839122205426, 0.5532239121224855, 0.9461086433627351, 0.07898629536203179
0.8881455168979673, 0.12368981792631922, 0.8821950704215037, 0.696686765524586
-0.19635980826367824, -0.1369446130423741, 0.7236430917405713, -0.056372756650874156
-0.05238587884738622, -0.03737443565234968, -0.019766969302289904, -0.07938421098338809
0.10372594783101795, -0.18368104812040356, 0.011002985139526293, 0.04470764998652154
0.09837348291185448, -0.03257243326826587, 0.4332925223284573, 0.1152398096795199
-0.049447152257957885, 0.06380367598527542, 0.5293335471476303, -0.2172237191150465
0.021008248084673352, -0.13878726286722137, 0.5094728016574017, 0.1255484880000723
-0.09024831896194829, -0.028530763473600822, 0.3331356912849323, 0.1104463143894144
0.9875800977936486, 0.5055302195759949, 0.025938923915929044, 0.12766455619826436
0.008563341848272408, 0.020665741323021587, -0.08716720045022593, -0.03012932529346039
0.7390152874607144, 0.086536736449488, 0.043350272515749175, 0.06921028029525672
-0.06329924125098388, -0.12286939960057285, -0.0900103896345506, 0.7975003278940447
0.9556474399837593, -0.06953814220528509, -0.034413323957021597, 0.053145118600201234
0.1342902985142626, 0.12112914228350201, -0.21195410040299298, 0.036633461896072014
0.006963223767799977, -0.08303843072588891, -0.06156541633996159, -0.10361786512302285
0.6247890191469845, 0.09894952546204325, -0.12525695607981246, 0.05555872749394215
-0.011904112012647471, -0.20797577197928516, -0.11661401883263421, -0.21363517082610586
-0.19337941547652443, 0.0308731193316615, -0.21685033913860013, -0.21689579637029793
-0.2172212141019167, -0.05110542096630488, -0.21209448907464679, 0.9920331786470441
-0.03526037633706039, 0.11657790840417134, -0.17245021410533812, -0.052401162862407494
0.987298647162228, -0.09007524782814309, 0.667723280950057, 0.98466006343374
0.5402968784407489, -0.08361615485785573, 0.9336264032618291, -0.07694567038224458
-0.13681352404011168, 0.2496217402599713, 0.11293176352285357, 0.031206668881415312
0.10291483235877436, -0.018104331759195184, 0.10244352644029728, -0.1878319861893658
0.12496224583166332, 0.12640788000061742, 0.9887213116681501, -0.0815885384959287
0.12517724634092525, -0.20783416567792537, 0.4476810441532431, -0.07762330499252439
0.9968954260743538, -0.0912819362594902, 0.4132994627579281, -0.008670838282591986
-0.07874176514270366, 0.7923740193055244, -0.022792522711223857, 0.1023277103343239
-0.09125657168949565, -0.007267864875871893, -0.17937583992581857, -0.0493451207177042
0.01836607476808272, 0.06549142121834527, -0.014730661573920193, -0.025057325105307244
-0.005750015934300524, -0.06902125740085724, 0.011495330333009642, -0.08690719810502442
0.9356085856113961, 0.6113990285533042, 0.1678123106776524, 0.07643182855613939
0.5560493190158313, 0.9552136275257452, 0.09684532097704471, 0.1220253824352935
0.03183825652323338, 0.12837445323135255, -0.09750370741219729, -0.10412198685820645
0.9948028639160325, 0.12834722891309225, 0.12396488510143273, 0.1271689617372873
-0.03830718658302875, 0.06268555353468165, 0.1788660976336151, 0.12820003831002577
0.0900684342774584, 0.09756819068919431, 0.1242802182241576, -0.009803622727395657
-0.08744645528712934, 0.10455354241564133, -0.06913590659265521, -0.05244128536994822
0.1070385922416312, 0.016272818695495246, -0.07557024798793435, 0.11053713957477578
-0.026033222440146612, -0.03712168280902875, 0.026585062867000592, -0.09943579283589202
0.7421057965453334, 0.12049609025663531, -0.17756698594684256, 0.08127277307628096
0.0457654522621436, -0.09130441265618916, 0.009273862479636928, -0.06675872108967403
-0.08615483548947694, -0.004143908737727914, -0.202661222965637, 0.12143287872146032
0.09408496204023135, 0.10837694330181614, 0.10236208459234493, -0.06048989694663107
0.9912174572973231, -0.17594891347460603, -0.07791831102967842, 0.0323127745154686
-0.08080096717687536, -0.0007159631438586169, 0.05672672861864405, -0.0905322474294089
0.028404635995520035, -0.042392084404054294, -0.05312703250724656, -0.053710197912157455
-0.1874620232734736, -0.1102882360729243, -0.04805949021024017, -0.20457629706848562
-0.011288779866348355, 0.11296588828253117, 0.12707429789511593, 0.1264187824584156
-0.14313061782278128, -0.21280519200598844, 0.7951567286349331, -0.2050674251236245
-0.046563954404676894, -0.21585318637670878, 0.12737777769858807, 0.0846873364989409
0.002014057505111493, 0.12591134603809792, 0.32402425147971664, -0.032008628211853817
-0.06976330985544175, -0.050174035690483766, 0.8281662670059377, 0.08233799036450586
0.3816879013529993, 0.9297669220672634, -0.0038947187696704607, -0.03398743970630577
-0.20594493252151466, 0.9165881852108706, 0.10000217680211904, 0.37322604797268893
-0.1181428020206609, -0.04940069598146717, 0.07187743326959178, -0.16193984807498937
-0.06976317135419087, -0.01032613692743162, 0.12692417596626737, 0.8580099256994286
-0.073394121767376, -0.08048935798610994, -0.06591468086801591, -0.08152279457911235
0.37447529430106336, -0.08454354644338859, -0.14354660678171127, -0.054270688859257614
0.9999120887299656, 0.4622572044828589, -0.21549125481709233, 0.07098348208831767
-0.09103027708351404, 0.941266874434287, -0.11363850580315615, -0.20979756948271788
-0.09126132861392983, -0.08372275284317439, -0.1973968429562287, 0.09209381215403467
-0.08498083451046799, -0.00018078431543611052, 0.07104664783834241, -0.0724165535339617
0.07231050439061994, 0.016270066552631562, 0.09945824682355044, -0.05392927080677984
0.5733041283723622, 0.9971058859677897, -0.15474389699679333, 0.10861734809675379
-0.07905212086913774, -0.11860084471869806, 0.8818785241582823, -0.037827814770654375
-0.21077157023975346, -0.20765409503291515, 0.9421920903662625, 0.037935654177616136
-0.11950253308189579, 0.05736500226303872, 0.09199842187276001, -0.2070282710579826
0.9528375797291009, -0.028644760593337242, 0.21853424487249382, 0.01478795856533075
0.09885637019168636, 0.9762967045582699, 0.022770054492519898, -0.02777142757623261
0.5062168174390452, 0.0469257165538596, 0.10943268247150265, 0.0719945369334548
-0.13614014849900208, -0.11058618544269475, 0.3844666910592541, -0.21706759344263496
0.09490387418791921, -0.08879744952204727, 0.01874678834359701, 0.1270537680741158
0.09058729360213773, 0.9992119486510055, -0.09067857592137152, -0.021205687288491416
-0.05210856610202864, 0.5808310721986191, -0.026296675863640442, -0.20370904264997425
0.10141265302034946, 0.9901548737731546, -0.05307479333052817, -0.06207210518019719
-0.05257966462450699, 0.47776527619033404, 0.5607411818767613, 0.08204651104867222
-0.17929362112225647, 0.9907943173510073, -0.1275491403271105, -0.036063153755201444
-0.018538130941251577, 0.05352583307158478, -0.07346699208358445, -0.21554928239453977
-0.025240483905638128, -0.21315481395848107, -0.013813659597297499, 0.09414078901555963
-0.2142427027006507, 0.8933648247410445, 0.2989068623782926, -0.05179607076804117
0.1120940699112359, -0.058294381052148826, 0.16851361550144106, 0.04575136970823572
0.12622481025638302, -0.05879294520173629, 0.011028177294642479, -0.07036546030221849
-0.18976824873970252, 0.11774440013955506, 0.12726658791393983, 0.7742201075573093
0.4199153051298254, -0.02117931944893859, -0.046594143831089105, 0.3139804764201358
-0.16229023493777672, 0.7683556278479796, 0.5060983636880756, -0.0902656080958701
0.344302751207388, -0.10875114262870593, 0.836407141898148, -0.055216102075082825
-0.06684340134442977, 0.10704865149244933, -0.07431513742330603, -0.1695548006709023
0.19812599112073181, 0.46255606176960706, -0.08389767735365211, 0.12418731391998136
0.10999028363900172, 0.1201812370055854, 0.02361236033295807, 0.9999348296407862
0.5770112595193008, -0.12169191133816466, -0.031276802112314865, 0.10529276419119923
-0.02042107890549642, -0.08614825356393316, -0.0040335965715651905, -0.13063852712545615
0.07909742598103829, -0.14100144804705653, -0.09124769428458286, 0.12835377623084113
-0.18409351614154057, -0.05521513200876059, -0.0861823276476693, -0.01274736439491351
-0.15116959235004424, -0.18500537970429615, -0.1826273133974343, -0.1756724426891553
0.4097714757997531, -0.08115304316579681, 0.6525260654575585, 0.12770900815578212
0.4546233693043541, -0.09132508836008597, 0.0961528441194434, 0.6328372336703932
0.9917022784093572, -0.08188939821155782, -0.047123747460939065, -0.1819105331341941